trip_id,arrival_time,departure_time,stop_id,stop_sequence,stop_headsign,pickup_type,drop_off_type,continuous_pickup,continuous_drop_off,shape_dist_traveled,timepoint
8006640-2,,19:00:00,8274064,0,,0,0,1,1,,1
8006640-2,,,8197554,1,,0,0,1,1,,0
8006640-2,,,8197568,2,,0,0,1,1,,0
8006640-2,,19:05:00,8274066,3,,0,0,1,1,,0
8006640-2,,19:10:00,8197572,4,,0,0,1,1,,1
8006640-2,,,8197574,5,,0,0,1,1,,0
8006640-2,,,8197576,6,,0,0,1,1,,0
8006640-2,,19:14:00,8197558,7,,0,0,1,1,,1
8006640-2,,,8197560,8,,0,0,1,1,,0
8006640-2,,19:16:00,8197580,9,,0,0,1,1,,1
8006640-2,,,8197582,10,,0,0,1,1,,0
8006640-2,,,8197584,11,,0,0,1,1,,0
8006640-2,,19:22:00,8274068,12,,0,0,1,1,,0
8006640-2,,,8197578,13,,0,0,1,1,,0
8006640-2,,19:00:00,8274064,14,,0,0,1,1,,1
8006640-3,,19:10:00,8274064,0,,0,0,1,1,,1
8006640-3,,,8197554,1,,0,0,1,1,,0
8006640-3,,,8197568,2,,0,0,1,1,,0
8006640-3,,19:15:00,8274066,3,,0,0,1,1,,0
8006640-3,,19:20:00,8197572,4,,0,0,1,1,,1
8006640-3,,,8197574,5,,0,0,1,1,,0
8006640-3,,,8197576,6,,0,0,1,1,,0
8006640-3,,19:24:00,8197558,7,,0,0,1,1,,1
8006640-3,,,8197560,8,,0,0,1,1,,0
8006640-3,,19:26:00,8197580,9,,0,0,1,1,,1
8006640-3,,,8197582,10,,0,0,1,1,,0
8006640-3,,,8197584,11,,0,0,1,1,,0
8006640-3,,19:32:00,8274068,12,,0,0,1,1,,0
8006640-3,,,8197578,13,,0,0,1,1,,0
8006640-3,,19:10:00,8274064,14,,0,0,1,1,,1
8006640-4,,19:20:00,8274064,0,,0,0,1,1,,1
8006640-4,,,8197554,1,,0,0,1,1,,0
8006640-4,,,8197568,2,,0,0,1,1,,0
8006640-4,,19:25:00,8274066,3,,0,0,1,1,,0
8006640-4,,19:30:00,8197572,4,,0,0,1,1,,1
8006640-4,,,8197574,5,,0,0,1,1,,0
8006640-4,,,8197576,6,,0,0,1,1,,0
8006640-4,,19:34:00,8197558,7,,0,0,1,1,,1
8006640-4,,,8197560,8,,0,0,1,1,,0
8006640-4,,19:36:00,8197580,9,,0,0,1,1,,1
8006640-4,,,8197582,10,,0,0,1,1,,0
8006640-4,,,8197584,11,,0,0,1,1,,0
8006640-4,,19:42:00,8274068,12,,0,0,1,1,,0
8006640-4,,,8197578,13,,0,0,1,1,,0
8006640-4,,19:20:00,8274064,14,,0,0,1,1,,1
8006640-5,,19:30:00,8274064,0,,0,0,1,1,,1
8006640-5,,,8197554,1,,0,0,1,1,,0
8006640-5,,,8197568,2,,0,0,1,1,,0
8006640-5,,19:35:00,8274066,3,,0,0,1,1,,0
8006640-5,,19:40:00,8197572,4,,0,0,1,1,,1
8006640-5,,,8197574,5,,0,0,1,1,,0
8006640-5,,,8197576,6,,0,0,1,1,,0
8006640-5,,19:44:00,8197558,7,,0,0,1,1,,1
8006640-5,,,8197560,8,,0,0,1,1,,0
8006640-5,,19:46:00,8197580,9,,0,0,1,1,,1
8006640-5,,,8197582,10,,0,0,1,1,,0
8006640-5,,,8197584,11,,0,0,1,1,,0
8006640-5,,19:52:00,8274068,12,,0,0,1,1,,0
8006640-5,,,8197578,13,,0,0,1,1,,0
8006640-5,,19:30:00,8274064,14,,0,0,1,1,,1
8006640-6,,19:40:00,8274064,0,,0,0,1,1,,1
8006640-6,,,8197554,1,,0,0,1,1,,0
8006640-6,,,8197568,2,,0,0,1,1,,0
8006640-6,,19:45:00,8274066,3,,0,0,1,1,,0
8006640-6,,19:50:00,8197572,4,,0,0,1,1,,1
8006640-6,,,8197574,5,,0,0,1,1,,0
8006640-6,,,8197576,6,,0,0,1,1,,0
8006640-6,,19:54:00,8197558,7,,0,0,1,1,,1
8006640-6,,,8197560,8,,0,0,1,1,,0
8006640-6,,19:56:00,8197580,9,,0,0,1,1,,1
8006640-6,,,8197582,10,,0,0,1,1,,0
8006640-6,,,8197584,11,,0,0,1,1,,0
8006640-6,,20:02:00,8274068,12,,0,0,1,1,,0
8006640-6,,,8197578,13,,0,0,1,1,,0
8006640-6,,19:40:00,8274064,14,,0,0,1,1,,1
8006640-7,,19:50:00,8274064,0,,0,0,1,1,,1
8006640-7,,,8197554,1,,0,0,1,1,,0
8006640-7,,,8197568,2,,0,0,1,1,,0
8006640-7,,19:55:00,8274066,3,,0,0,1,1,,0
8006640-7,,20:00:00,8197572,4,,0,0,1,1,,1
8006640-7,,,8197574,5,,0,0,1,1,,0
8006640-7,,,8197576,6,,0,0,1,1,,0
8006640-7,,20:04:00,8197558,7,,0,0,1,1,,1
8006640-7,,,8197560,8,,0,0,1,1,,0
8006640-7,,20:06:00,8197580,9,,0,0,1,1,,1
8006640-7,,,8197582,10,,0,0,1,1,,0
8006640-7,,,8197584,11,,0,0,1,1,,0
8006640-7,,20:12:00,8274068,12,,0,0,1,1,,0
8006640-7,,,8197578,13,,0,0,1,1,,0
8006640-7,,19:50:00,8274064,14,,0,0,1,1,,1
8006640-8,,20:00:00,8274064,0,,0,0,1,1,,1
8006640-8,,,8197554,1,,0,0,1,1,,0
8006640-8,,,8197568,2,,0,0,1,1,,0
8006640-8,,20:05:00,8274066,3,,0,0,1,1,,0
8006640-8,,20:10:00,8197572,4,,0,0,1,1,,1
8006640-8,,,8197574,5,,0,0,1,1,,0
8006640-8,,,8197576,6,,0,0,1,1,,0
8006640-8,,20:14:00,8197558,7,,0,0,1,1,,1
8006640-8,,,8197560,8,,0,0,1,1,,0
8006640-8,,20:16:00,8197580,9,,0,0,1,1,,1
8006640-8,,,8197582,10,,0,0,1,1,,0
8006640-8,,,8197584,11,,0,0,1,1,,0
8006640-8,,20:22:00,8274068,12,,0,0,1,1,,0
8006640-8,,,8197578,13,,0,0,1,1,,0
8006640-8,,20:00:00,8274064,14,,0,0,1,1,,1
8006640-9,,20:10:00,8274064,0,,0,0,1,1,,1
8006640-9,,,8197554,1,,0,0,1,1,,0
8006640-9,,,8197568,2,,0,0,1,1,,0
8006640-9,,20:15:00,8274066,3,,0,0,1,1,,0
8006640-9,,20:20:00,8197572,4,,0,0,1,1,,1
8006640-9,,,8197574,5,,0,0,1,1,,0
8006640-9,,,8197576,6,,0,0,1,1,,0
8006640-9,,20:24:00,8197558,7,,0,0,1,1,,1
8006640-9,,,8197560,8,,0,0,1,1,,0
8006640-9,,20:26:00,8197580,9,,0,0,1,1,,1
8006640-9,,,8197582,10,,0,0,1,1,,0
8006640-9,,,8197584,11,,0,0,1,1,,0
8006640-9,,20:32:00,8274068,12,,0,0,1,1,,0
8006640-9,,,8197578,13,,0,0,1,1,,0
8006640-9,,20:10:00,8274064,14,,0,0,1,1,,1
8006640-10,,20:20:00,8274064,0,,0,0,1,1,,1
8006640-10,,,8197554,1,,0,0,1,1,,0
8006640-10,,,8197568,2,,0,0,1,1,,0
8006640-10,,20:25:00,8274066,3,,0,0,1,1,,0
8006640-10,,20:30:00,8197572,4,,0,0,1,1,,1
8006640-10,,,8197574,5,,0,0,1,1,,0
8006640-10,,,8197576,6,,0,0,1,1,,0
8006640-10,,20:34:00,8197558,7,,0,0,1,1,,1
8006640-10,,,8197560,8,,0,0,1,1,,0
8006640-10,,20:36:00,8197580,9,,0,0,1,1,,1
8006640-10,,,8197582,10,,0,0,1,1,,0
8006640-10,,,8197584,11,,0,0,1,1,,0
8006640-10,,20:42:00,8274068,12,,0,0,1,1,,0
8006640-10,,,8197578,13,,0,0,1,1,,0
8006640-10,,20:20:00,8274064,14,,0,0,1,1,,1
8006640-11,,20:30:00,8274064,0,,0,0,1,1,,1
8006640-11,,,8197554,1,,0,0,1,1,,0
8006640-11,,,8197568,2,,0,0,1,1,,0
8006640-11,,20:35:00,8274066,3,,0,0,1,1,,0
8006640-11,,20:40:00,8197572,4,,0,0,1,1,,1
8006640-11,,,8197574,5,,0,0,1,1,,0
8006640-11,,,8197576,6,,0,0,1,1,,0
8006640-11,,20:44:00,8197558,7,,0,0,1,1,,1
8006640-11,,,8197560,8,,0,0,1,1,,0
8006640-11,,20:46:00,8197580,9,,0,0,1,1,,1
8006640-11,,,8197582,10,,0,0,1,1,,0
8006640-11,,,8197584,11,,0,0,1,1,,0
8006640-11,,20:52:00,8274068,12,,0,0,1,1,,0
8006640-11,,,8197578,13,,0,0,1,1,,0
8006640-11,,20:30:00,8274064,14,,0,0,1,1,,1
8006640-12,,20:40:00,8274064,0,,0,0,1,1,,1
8006640-12,,,8197554,1,,0,0,1,1,,0
8006640-12,,,8197568,2,,0,0,1,1,,0
8006640-12,,20:45:00,8274066,3,,0,0,1,1,,0
8006640-12,,20:50:00,8197572,4,,0,0,1,1,,1
8006640-12,,,8197574,5,,0,0,1,1,,0
8006640-12,,,8197576,6,,0,0,1,1,,0
8006640-12,,20:54:00,8197558,7,,0,0,1,1,,1
8006640-12,,,8197560,8,,0,0,1,1,,0
8006640-12,,20:56:00,8197580,9,,0,0,1,1,,1
8006640-12,,,8197582,10,,0,0,1,1,,0
8006640-12,,,8197584,11,,0,0,1,1,,0
8006640-12,,21:02:00,8274068,12,,0,0,1,1,,0
8006640-12,,,8197578,13,,0,0,1,1,,0
8006640-12,,20:40:00,8274064,14,,0,0,1,1,,1
8006640-13,,20:50:00,8274064,0,,0,0,1,1,,1
8006640-13,,,8197554,1,,0,0,1,1,,0
8006640-13,,,8197568,2,,0,0,1,1,,0
8006640-13,,20:55:00,8274066,3,,0,0,1,1,,0
8006640-13,,21:00:00,8197572,4,,0,0,1,1,,1
8006640-13,,,8197574,5,,0,0,1,1,,0
8006640-13,,,8197576,6,,0,0,1,1,,0
8006640-13,,21:04:00,8197558,7,,0,0,1,1,,1
8006640-13,,,8197560,8,,0,0,1,1,,0
8006640-13,,21:06:00,8197580,9,,0,0,1,1,,1
8006640-13,,,8197582,10,,0,0,1,1,,0
8006640-13,,,8197584,11,,0,0,1,1,,0
8006640-13,,21:12:00,8274068,12,,0,0,1,1,,0
8006640-13,,,8197578,13,,0,0,1,1,,0
8006640-13,,20:50:00,8274064,14,,0,0,1,1,,1
8006640-14,,21:00:00,8274064,0,,0,0,1,1,,1
8006640-14,,,8197554,1,,0,0,1,1,,0
8006640-14,,,8197568,2,,0,0,1,1,,0
8006640-14,,21:05:00,8274066,3,,0,0,1,1,,0
8006640-14,,21:10:00,8197572,4,,0,0,1,1,,1
8006640-14,,,8197574,5,,0,0,1,1,,0
8006640-14,,,8197576,6,,0,0,1,1,,0
8006640-14,,21:14:00,8197558,7,,0,0,1,1,,1
8006640-14,,,8197560,8,,0,0,1,1,,0
8006640-14,,21:16:00,8197580,9,,0,0,1,1,,1
8006640-14,,,8197582,10,,0,0,1,1,,0
8006640-14,,,8197584,11,,0,0,1,1,,0
8006640-14,,21:22:00,8274068,12,,0,0,1,1,,0
8006640-14,,,8197578,13,,0,0,1,1,,0
8006640-14,,21:00:00,8274064,14,,0,0,1,1,,1
8006640-15,,21:10:00,8274064,0,,0,0,1,1,,1
8006640-15,,,8197554,1,,0,0,1,1,,0
8006640-15,,,8197568,2,,0,0,1,1,,0
8006640-15,,21:15:00,8274066,3,,0,0,1,1,,0
8006640-15,,21:20:00,8197572,4,,0,0,1,1,,1
8006640-15,,,8197574,5,,0,0,1,1,,0
8006640-15,,,8197576,6,,0,0,1,1,,0
8006640-15,,21:24:00,8197558,7,,0,0,1,1,,1
8006640-15,,,8197560,8,,0,0,1,1,,0
8006640-15,,21:26:00,8197580,9,,0,0,1,1,,1
8006640-15,,,8197582,10,,0,0,1,1,,0
8006640-15,,,8197584,11,,0,0,1,1,,0
8006640-15,,21:32:00,8274068,12,,0,0,1,1,,0
8006640-15,,,8197578,13,,0,0,1,1,,0
8006640-15,,21:10:00,8274064,14,,0,0,1,1,,1
8006640-16,,21:20:00,8274064,0,,0,0,1,1,,1
8006640-16,,,8197554,1,,0,0,1,1,,0
8006640-16,,,8197568,2,,0,0,1,1,,0
8006640-16,,21:25:00,8274066,3,,0,0,1,1,,0
8006640-16,,21:30:00,8197572,4,,0,0,1,1,,1
8006640-16,,,8197574,5,,0,0,1,1,,0
8006640-16,,,8197576,6,,0,0,1,1,,0
8006640-16,,21:34:00,8197558,7,,0,0,1,1,,1
8006640-16,,,8197560,8,,0,0,1,1,,0
8006640-16,,21:36:00,8197580,9,,0,0,1,1,,1
8006640-16,,,8197582,10,,0,0,1,1,,0
8006640-16,,,8197584,11,,0,0,1,1,,0
8006640-16,,21:42:00,8274068,12,,0,0,1,1,,0
8006640-16,,,8197578,13,,0,0,1,1,,0
8006640-16,,21:20:00,8274064,14,,0,0,1,1,,1
8006640-17,,21:30:00,8274064,0,,0,0,1,1,,1
8006640-17,,,8197554,1,,0,0,1,1,,0
8006640-17,,,8197568,2,,0,0,1,1,,0
8006640-17,,21:35:00,8274066,3,,0,0,1,1,,0
8006640-17,,21:40:00,8197572,4,,0,0,1,1,,1
8006640-17,,,8197574,5,,0,0,1,1,,0
8006640-17,,,8197576,6,,0,0,1,1,,0
8006640-17,,21:44:00,8197558,7,,0,0,1,1,,1
8006640-17,,,8197560,8,,0,0,1,1,,0
8006640-17,,21:46:00,8197580,9,,0,0,1,1,,1
8006640-17,,,8197582,10,,0,0,1,1,,0
8006640-17,,,8197584,11,,0,0,1,1,,0
8006640-17,,21:52:00,8274068,12,,0,0,1,1,,0
8006640-17,,,8197578,13,,0,0,1,1,,0
8006640-17,,21:30:00,8274064,14,,0,0,1,1,,1
8006640-18,,21:40:00,8274064,0,,0,0,1,1,,1
8006640-18,,,8197554,1,,0,0,1,1,,0
8006640-18,,,8197568,2,,0,0,1,1,,0
8006640-18,,21:45:00,8274066,3,,0,0,1,1,,0
8006640-18,,21:50:00,8197572,4,,0,0,1,1,,1
8006640-18,,,8197574,5,,0,0,1,1,,0
8006640-18,,,8197576,6,,0,0,1,1,,0
8006640-18,,21:54:00,8197558,7,,0,0,1,1,,1
8006640-18,,,8197560,8,,0,0,1,1,,0
8006640-18,,21:56:00,8197580,9,,0,0,1,1,,1
8006640-18,,,8197582,10,,0,0,1,1,,0
8006640-18,,,8197584,11,,0,0,1,1,,0
8006640-18,,22:02:00,8274068,12,,0,0,1,1,,0
8006640-18,,,8197578,13,,0,0,1,1,,0
8006640-18,,21:40:00,8274064,14,,0,0,1,1,,1
8006640-19,,21:50:00,8274064,0,,0,0,1,1,,1
8006640-19,,,8197554,1,,0,0,1,1,,0
8006640-19,,,8197568,2,,0,0,1,1,,0
8006640-19,,21:55:00,8274066,3,,0,0,1,1,,0
8006640-19,,22:00:00,8197572,4,,0,0,1,1,,1
8006640-19,,,8197574,5,,0,0,1,1,,0
8006640-19,,,8197576,6,,0,0,1,1,,0
8006640-19,,22:04:00,8197558,7,,0,0,1,1,,1
8006640-19,,,8197560,8,,0,0,1,1,,0
8006640-19,,22:06:00,8197580,9,,0,0,1,1,,1
8006640-19,,,8197582,10,,0,0,1,1,,0
8006640-19,,,8197584,11,,0,0,1,1,,0
8006640-19,,22:12:00,8274068,12,,0,0,1,1,,0
8006640-19,,,8197578,13,,0,0,1,1,,0
8006640-19,,21:50:00,8274064,14,,0,0,1,1,,1
8006640-20,,22:00:00,8274064,0,,0,0,1,1,,1
8006640-20,,,8197554,1,,0,0,1,1,,0
8006640-20,,,8197568,2,,0,0,1,1,,0
8006640-20,,22:05:00,8274066,3,,0,0,1,1,,0
8006640-20,,22:10:00,8197572,4,,0,0,1,1,,1
8006640-20,,,8197574,5,,0,0,1,1,,0
8006640-20,,,8197576,6,,0,0,1,1,,0
8006640-20,,22:14:00,8197558,7,,0,0,1,1,,1
8006640-20,,,8197560,8,,0,0,1,1,,0
8006640-20,,22:16:00,8197580,9,,0,0,1,1,,1
8006640-20,,,8197582,10,,0,0,1,1,,0
8006640-20,,,8197584,11,,0,0,1,1,,0
8006640-20,,22:22:00,8274068,12,,0,0,1,1,,0
8006640-20,,,8197578,13,,0,0,1,1,,0
8006640-20,,22:00:00,8274064,14,,0,0,1,1,,1
8006640-21,,10:10:00,8274064,0,,0,0,1,1,,1
8006640-21,,,8197554,1,,0,0,1,1,,0
8006640-21,,,8197568,2,,0,0,1,1,,0
8006640-21,,22:10:00,8274066,3,,1,0,1,1,,0
8006640-21,,22:15:00,8197572,4,,1,0,1,1,,1
8006640-21,,,8197574,5,,1,0,1,1,,0
8006640-21,,,8197576,6,,1,0,1,1,,0
8006640-21,,22:19:00,8197558,7,,1,0,1,1,,1
8006640-21,,,8197560,8,,1,0,1,1,,0
8006640-21,,22:21:00,8197580,9,,1,0,1,1,,1
8006640-21,,,8197582,10,,1,0,1,1,,0
8006640-21,,,8197584,11,,1,0,1,1,,0
8006640-21,,22:27:00,8274068,12,,1,0,1,1,,0
8006640-21,,,8197578,13,,1,0,1,1,,0
8006640-21,,10:10:00,8274064,14,,1,0,1,1,,1
8006640-22,,10:20:00,8274064,0,,0,0,1,1,,1
8006640-22,,,8197554,1,,0,0,1,1,,0
8006640-22,,,8197568,2,,0,0,1,1,,0
8006640-22,,22:20:00,8274066,3,,1,0,1,1,,0
8006640-22,,22:25:00,8197572,4,,1,0,1,1,,1
8006640-22,,,8197574,5,,1,0,1,1,,0
8006640-22,,,8197576,6,,1,0,1,1,,0
8006640-22,,22:29:00,8197558,7,,1,0,1,1,,1
8006640-22,,,8197560,8,,1,0,1,1,,0
8006640-22,,22:31:00,8197580,9,,1,0,1,1,,1
8006640-22,,,8197582,10,,1,0,1,1,,0
8006640-22,,,8197584,11,,1,0,1,1,,0
8006640-22,,22:37:00,8274068,12,,1,0,1,1,,0
8006640-22,,,8197578,13,,1,0,1,1,,0
8006640-22,,10:20:00,8274064,14,,1,0,1,1,,1
8006640-23,,10:30:00,8274064,0,,0,0,1,1,,1
8006640-23,,,8197554,1,,0,0,1,1,,0
8006640-23,,,8197568,2,,0,0,1,1,,0
8006640-23,,22:30:00,8274066,3,,1,0,1,1,,0
8006640-23,,22:35:00,8197572,4,,1,0,1,1,,1
8006640-23,,,8197574,5,,1,0,1,1,,0
8006640-23,,,8197576,6,,1,0,1,1,,0
8006640-23,,22:39:00,8197558,7,,1,0,1,1,,1
8006640-23,,,8197560,8,,1,0,1,1,,0
8006640-23,,22:41:00,8197580,9,,1,0,1,1,,1
8006640-23,,,8197582,10,,1,0,1,1,,0
8006640-23,,,8197584,11,,1,0,1,1,,0
8006640-23,,22:47:00,8274068,12,,1,0,1,1,,0
8006640-23,,,8197578,13,,1,0,1,1,,0
8006640-23,,10:30:00,8274064,14,,1,0,1,1,,1
8006668-2,,,8197566,0,,0,0,1,1,,1
8006668-2,,07:21:00,8197580,1,,0,0,1,1,,1
8006668-2,,,8197582,2,,0,0,1,1,,0
8006668-2,,,8197584,3,,0,0,1,1,,0
8006668-2,,,8274092,4,,0,0,1,1,,0
8006668-2,,,8197578,5,,0,0,1,1,,0
8006668-2,,,8197566,6,,0,0,1,1,,1
8006668-3,,,8197566,0,,0,0,1,1,,1
8006668-3,,07:27:00,8197580,1,,0,0,1,1,,1
8006668-3,,,8197582,2,,0,0,1,1,,0
8006668-3,,,8197584,3,,0,0,1,1,,0
8006668-3,,,8274092,4,,0,0,1,1,,0
8006668-3,,,8197578,5,,0,0,1,1,,0
8006668-3,,,8197566,6,,0,0,1,1,,1
8006668-4,,,8197566,0,,0,0,1,1,,1
8006668-4,,07:34:00,8197580,1,,0,0,1,1,,1
8006668-4,,,8197582,2,,0,0,1,1,,0
8006668-4,,,8197584,3,,0,0,1,1,,0
8006668-4,,,8274092,4,,0,0,1,1,,0
8006668-4,,,8197578,5,,0,0,1,1,,0
8006668-4,,,8197566,6,,0,0,1,1,,1
8006668-5,,07:35:00,8197566,0,,0,0,1,1,,1
8006668-5,,07:41:00,8197580,1,,0,0,1,1,,1
8006668-5,,,8197582,2,,0,0,1,1,,0
8006668-5,,,8197584,3,,0,0,1,1,,0
8006668-5,,,8274092,4,,0,0,1,1,,0
8006668-5,,,8197578,5,,0,0,1,1,,0
8006668-5,,07:35:00,8197566,6,,0,0,1,1,,1
8006668-6,,07:43:00,8197566,0,,0,0,1,1,,1
8006668-6,,07:49:00,8197580,1,,0,0,1,1,,1
8006668-6,,,8197582,2,,0,0,1,1,,0
8006668-6,,,8197584,3,,0,0,1,1,,0
8006668-6,,,8274092,4,,0,0,1,1,,0
8006668-6,,,8197578,5,,0,0,1,1,,0
8006668-6,,07:43:00,8197566,6,,0,0,1,1,,1
8006670-2,,,8274064,0,,0,0,1,1,,1
8006670-2,,,8274070,1,,0,0,1,1,,0
8006670-2,,07:31:00,8274072,2,,0,0,1,1,,1
8006670-2,,07:32:00,8274074,3,,0,0,1,1,,1
8006670-2,,,8274076,4,,0,0,1,1,,0
8006670-2,,07:35:00,8274078,5,,0,0,1,1,,1
8006670-2,,07:37:00,8274080,6,,0,0,1,1,,1
8006670-2,,,8274082,7,,0,0,1,1,,0
8006670-2,,,8274084,8,,0,0,1,1,,0
8006670-2,,,8274086,9,,0,0,1,1,,0
8006670-2,,07:42:00,8274088,10,,0,0,1,1,,1
8006670-2,,,8274064,11,,0,0,1,1,,1
8006670-3,,,8274064,0,,0,0,1,1,,1
8006670-3,,,8274070,1,,0,0,1,1,,0
8006670-3,,07:39:00,8274072,2,,0,0,1,1,,1
8006670-3,,07:40:00,8274074,3,,0,0,1,1,,1
8006670-3,,,8274076,4,,0,0,1,1,,0
8006670-3,,07:43:00,8274078,5,,0,0,1,1,,1
8006670-3,,07:45:00,8274080,6,,0,0,1,1,,1
8006670-3,,,8274082,7,,0,0,1,1,,0
8006670-3,,,8274084,8,,0,0,1,1,,0
8006670-3,,,8274086,9,,0,0,1,1,,0
8006670-3,,07:50:00,8274088,10,,0,0,1,1,,1
8006670-3,,,8274064,11,,0,0,1,1,,1
8006670-4,,07:45:00,8274064,0,,0,0,1,1,,1
8006670-4,,,8274070,1,,0,0,1,1,,0
8006670-4,,07:50:00,8274072,2,,0,0,1,1,,1
8006670-4,,07:51:00,8274074,3,,0,0,1,1,,1
8006670-4,,,8274076,4,,0,0,1,1,,0
8006670-4,,07:54:00,8274078,5,,0,0,1,1,,1
8006670-4,,07:58:00,8274080,6,,0,0,1,1,,1
8006670-4,,,8274082,7,,0,0,1,1,,0
8006670-4,,,8274084,8,,0,0,1,1,,0
8006670-4,,,8274086,9,,0,0,1,1,,0
8006670-4,,08:05:00,8274088,10,,0,0,1,1,,1
8006670-4,,07:45:00,8274064,11,,0,0,1,1,,1
8006670-5,,07:57:00,8274064,0,,0,0,1,1,,1
8006670-5,,,8274070,1,,0,0,1,1,,0
8006670-5,,08:02:00,8274072,2,,0,0,1,1,,1
8006670-5,,08:03:00,8274074,3,,0,0,1,1,,1
8006670-5,,,8274076,4,,0,0,1,1,,0
8006670-5,,08:06:00,8274078,5,,0,0,1,1,,1
8006670-5,,08:10:00,8274080,6,,0,0,1,1,,1
8006670-5,,,8274082,7,,0,0,1,1,,0
8006670-5,,,8274084,8,,0,0,1,1,,0
8006670-5,,,8274086,9,,0,0,1,1,,0
8006670-5,,08:17:00,8274088,10,,0,0,1,1,,1
8006670-5,,07:57:00,8274064,11,,0,0,1,1,,1
8006670-6,,08:10:00,8274064,0,,0,0,1,1,,1
8006670-6,,,8274070,1,,0,0,1,1,,0
8006670-6,,08:15:00,8274072,2,,0,0,1,1,,1
8006670-6,,08:16:00,8274074,3,,0,0,1,1,,1
8006670-6,,,8274076,4,,0,0,1,1,,0
8006670-6,,08:19:00,8274078,5,,0,0,1,1,,1
8006670-6,,08:23:00,8274080,6,,0,0,1,1,,1
8006670-6,,,8274082,7,,0,0,1,1,,0
8006670-6,,,8274084,8,,0,0,1,1,,0
8006670-6,,,8274086,9,,0,0,1,1,,0
8006670-6,,08:30:00,8274088,10,,0,0,1,1,,1
8006670-6,,08:10:00,8274064,11,,0,0,1,1,,1
8006670-7,,08:22:00,8274064,0,,0,0,1,1,,1
8006670-7,,,8274070,1,,0,0,1,1,,0
8006670-7,,08:27:00,8274072,2,,0,0,1,1,,1
8006670-7,,08:28:00,8274074,3,,0,0,1,1,,1
8006670-7,,,8274076,4,,0,0,1,1,,0
8006670-7,,08:31:00,8274078,5,,0,0,1,1,,1
8006670-7,,08:35:00,8274080,6,,0,0,1,1,,1
8006670-7,,,8274082,7,,0,0,1,1,,0
8006670-7,,,8274084,8,,0,0,1,1,,0
8006670-7,,,8274086,9,,0,0,1,1,,0
8006670-7,,08:42:00,8274088,10,,0,0,1,1,,1
8006670-7,,08:22:00,8274064,11,,0,0,1,1,,1
8006670-8,,08:35:00,8274064,0,,0,0,1,1,,1
8006670-8,,,8274070,1,,0,0,1,1,,0
8006670-8,,08:40:00,8274072,2,,0,0,1,1,,1
8006670-8,,08:41:00,8274074,3,,0,0,1,1,,1
8006670-8,,,8274076,4,,0,0,1,1,,0
8006670-8,,08:44:00,8274078,5,,0,0,1,1,,1
8006670-8,,08:48:00,8274080,6,,0,0,1,1,,1
8006670-8,,,8274082,7,,0,0,1,1,,0
8006670-8,,,8274084,8,,0,0,1,1,,0
8006670-8,,,8274086,9,,0,0,1,1,,0
8006670-8,,08:55:00,8274088,10,,0,0,1,1,,1
8006670-8,,08:35:00,8274064,11,,0,0,1,1,,1
8006670-9,,08:47:00,8274064,0,,0,0,1,1,,1
8006670-9,,,8274070,1,,0,0,1,1,,0
8006670-9,,08:52:00,8274072,2,,0,0,1,1,,1
8006670-9,,08:53:00,8274074,3,,0,0,1,1,,1
8006670-9,,,8274076,4,,0,0,1,1,,0
8006670-9,,08:56:00,8274078,5,,0,0,1,1,,1
8006670-9,,09:00:00,8274080,6,,0,0,1,1,,1
8006670-9,,,8274082,7,,0,0,1,1,,0
8006670-9,,,8274084,8,,0,0,1,1,,0
8006670-9,,,8274086,9,,0,0,1,1,,0
8006670-9,,09:07:00,8274088,10,,0,0,1,1,,1
8006670-9,,08:47:00,8274064,11,,0,0,1,1,,1
8006670-10,,09:00:00,8274064,0,,0,0,1,1,,1
8006670-10,,,8274070,1,,0,0,1,1,,0
8006670-10,,09:05:00,8274072,2,,0,0,1,1,,1
8006670-10,,09:06:00,8274074,3,,0,0,1,1,,1
8006670-10,,,8274076,4,,0,0,1,1,,0
8006670-10,,09:09:00,8274078,5,,0,0,1,1,,1
8006670-10,,09:13:00,8274080,6,,0,0,1,1,,1
8006670-10,,,8274082,7,,0,0,1,1,,0
8006670-10,,,8274084,8,,0,0,1,1,,0
8006670-10,,,8274086,9,,0,0,1,1,,0
8006670-10,,09:20:00,8274088,10,,0,0,1,1,,1
8006670-10,,09:00:00,8274064,11,,0,0,1,1,,1
8006670-11,,09:12:00,8274064,0,,0,0,1,1,,1
8006670-11,,,8274070,1,,0,0,1,1,,0
8006670-11,,09:17:00,8274072,2,,0,0,1,1,,1
8006670-11,,09:18:00,8274074,3,,0,0,1,1,,1
8006670-11,,,8274076,4,,0,0,1,1,,0
8006670-11,,09:21:00,8274078,5,,0,0,1,1,,1
8006670-11,,09:25:00,8274080,6,,0,0,1,1,,1
8006670-11,,,8274082,7,,0,0,1,1,,0
8006670-11,,,8274084,8,,0,0,1,1,,0
8006670-11,,,8274086,9,,0,0,1,1,,0
8006670-11,,09:32:00,8274088,10,,0,0,1,1,,1
8006670-11,,09:12:00,8274064,11,,0,0,1,1,,1
8006670-12,,09:25:00,8274064,0,,0,0,1,1,,1
8006670-12,,,8274070,1,,0,0,1,1,,0
8006670-12,,09:30:00,8274072,2,,0,0,1,1,,1
8006670-12,,09:31:00,8274074,3,,0,0,1,1,,1
8006670-12,,,8274076,4,,0,0,1,1,,0
8006670-12,,09:34:00,8274078,5,,0,0,1,1,,1
8006670-12,,09:38:00,8274080,6,,0,0,1,1,,1
8006670-12,,,8274082,7,,0,0,1,1,,0
8006670-12,,,8274084,8,,0,0,1,1,,0
8006670-12,,,8274086,9,,0,0,1,1,,0
8006670-12,,09:45:00,8274088,10,,0,0,1,1,,1
8006670-12,,09:25:00,8274064,11,,0,0,1,1,,1
8006670-13,,09:37:00,8274064,0,,0,0,1,1,,1
8006670-13,,,8274070,1,,0,0,1,1,,0
8006670-13,,09:42:00,8274072,2,,0,0,1,1,,1
8006670-13,,09:43:00,8274074,3,,0,0,1,1,,1
8006670-13,,,8274076,4,,0,0,1,1,,0
8006670-13,,09:46:00,8274078,5,,0,0,1,1,,1
8006670-13,,09:50:00,8274080,6,,0,0,1,1,,1
8006670-13,,,8274082,7,,0,0,1,1,,0
8006670-13,,,8274084,8,,0,0,1,1,,0
8006670-13,,,8274086,9,,0,0,1,1,,0
8006670-13,,09:57:00,8274088,10,,0,0,1,1,,1
8006670-13,,09:37:00,8274064,11,,0,0,1,1,,1
8006670-14,,09:50:00,8274064,0,,0,0,1,1,,1
8006670-14,,,8274070,1,,0,0,1,1,,0
8006670-14,,09:55:00,8274072,2,,0,0,1,1,,1
8006670-14,,09:56:00,8274074,3,,0,0,1,1,,1
8006670-14,,,8274076,4,,0,0,1,1,,0
8006670-14,,09:59:00,8274078,5,,0,0,1,1,,1
8006670-14,,10:03:00,8274080,6,,0,0,1,1,,1
8006670-14,,,8274082,7,,0,0,1,1,,0
8006670-14,,,8274084,8,,0,0,1,1,,0
8006670-14,,,8274086,9,,0,0,1,1,,0
8006670-14,,10:10:00,8274088,10,,0,0,1,1,,1
8006670-14,,09:50:00,8274064,11,,0,0,1,1,,1
8006670-15,,10:02:00,8274064,0,,0,0,1,1,,1
8006670-15,,,8274070,1,,0,0,1,1,,0
8006670-15,,10:07:00,8274072,2,,0,0,1,1,,1
8006670-15,,10:08:00,8274074,3,,0,0,1,1,,1
8006670-15,,,8274076,4,,0,0,1,1,,0
8006670-15,,10:11:00,8274078,5,,0,0,1,1,,1
8006670-15,,10:15:00,8274080,6,,0,0,1,1,,1
8006670-15,,,8274082,7,,0,0,1,1,,0
8006670-15,,,8274084,8,,0,0,1,1,,0
8006670-15,,,8274086,9,,0,0,1,1,,0
8006670-15,,10:22:00,8274088,10,,0,0,1,1,,1
8006670-15,,10:02:00,8274064,11,,0,0,1,1,,1
8006670-16,,10:15:00,8274064,0,,0,0,1,1,,1
8006670-16,,,8274070,1,,0,0,1,1,,0
8006670-16,,10:20:00,8274072,2,,0,0,1,1,,1
8006670-16,,10:21:00,8274074,3,,0,0,1,1,,1
8006670-16,,,8274076,4,,0,0,1,1,,0
8006670-16,,10:24:00,8274078,5,,0,0,1,1,,1
8006670-16,,10:28:00,8274080,6,,0,0,1,1,,1
8006670-16,,,8274082,7,,0,0,1,1,,0
8006670-16,,,8274084,8,,0,0,1,1,,0
8006670-16,,,8274086,9,,0,0,1,1,,0
8006670-16,,10:35:00,8274088,10,,0,0,1,1,,1
8006670-16,,10:15:00,8274064,11,,0,0,1,1,,1
8006670-17,,10:27:00,8274064,0,,0,0,1,1,,1
8006670-17,,,8274070,1,,0,0,1,1,,0
8006670-17,,10:32:00,8274072,2,,0,0,1,1,,1
8006670-17,,10:33:00,8274074,3,,0,0,1,1,,1
8006670-17,,,8274076,4,,0,0,1,1,,0
8006670-17,,10:36:00,8274078,5,,0,0,1,1,,1
8006670-17,,10:40:00,8274080,6,,0,0,1,1,,1
8006670-17,,,8274082,7,,0,0,1,1,,0
8006670-17,,,8274084,8,,0,0,1,1,,0
8006670-17,,,8274086,9,,0,0,1,1,,0
8006670-17,,10:47:00,8274088,10,,0,0,1,1,,1
8006670-17,,10:27:00,8274064,11,,0,0,1,1,,1
8006670-18,,10:40:00,8274064,0,,0,0,1,1,,1
8006670-18,,,8274070,1,,0,0,1,1,,0
8006670-18,,10:45:00,8274072,2,,0,0,1,1,,1
8006670-18,,10:46:00,8274074,3,,0,0,1,1,,1
8006670-18,,,8274076,4,,0,0,1,1,,0
8006670-18,,10:49:00,8274078,5,,0,0,1,1,,1
8006670-18,,10:53:00,8274080,6,,0,0,1,1,,1
8006670-18,,,8274082,7,,0,0,1,1,,0
8006670-18,,,8274084,8,,0,0,1,1,,0
8006670-18,,,8274086,9,,0,0,1,1,,0
8006670-18,,11:00:00,8274088,10,,0,0,1,1,,1
8006670-18,,10:40:00,8274064,11,,0,0,1,1,,1
8006670-19,,10:52:00,8274064,0,,0,0,1,1,,1
8006670-19,,,8274070,1,,0,0,1,1,,0
8006670-19,,10:57:00,8274072,2,,0,0,1,1,,1
8006670-19,,10:58:00,8274074,3,,0,0,1,1,,1
8006670-19,,,8274076,4,,0,0,1,1,,0
8006670-19,,11:01:00,8274078,5,,0,0,1,1,,1
8006670-19,,11:05:00,8274080,6,,0,0,1,1,,1
8006670-19,,,8274082,7,,0,0,1,1,,0
8006670-19,,,8274084,8,,0,0,1,1,,0
8006670-19,,,8274086,9,,0,0,1,1,,0
8006670-19,,11:12:00,8274088,10,,0,0,1,1,,1
8006670-19,,10:52:00,8274064,11,,0,0,1,1,,1
8006670-20,,11:05:00,8274064,0,,0,0,1,1,,1
8006670-20,,,8274070,1,,0,0,1,1,,0
8006670-20,,11:10:00,8274072,2,,0,0,1,1,,1
8006670-20,,11:11:00,8274074,3,,0,0,1,1,,1
8006670-20,,,8274076,4,,0,0,1,1,,0
8006670-20,,11:14:00,8274078,5,,0,0,1,1,,1
8006670-20,,11:18:00,8274080,6,,0,0,1,1,,1
8006670-20,,,8274082,7,,0,0,1,1,,0
8006670-20,,,8274084,8,,0,0,1,1,,0
8006670-20,,,8274086,9,,0,0,1,1,,0
8006670-20,,11:25:00,8274088,10,,0,0,1,1,,1
8006670-20,,11:05:00,8274064,11,,0,0,1,1,,1
8006670-21,,11:17:00,8274064,0,,0,0,1,1,,1
8006670-21,,,8274070,1,,0,0,1,1,,0
8006670-21,,11:22:00,8274072,2,,0,0,1,1,,1
8006670-21,,11:23:00,8274074,3,,0,0,1,1,,1
8006670-21,,,8274076,4,,0,0,1,1,,0
8006670-21,,11:26:00,8274078,5,,0,0,1,1,,1
8006670-21,,11:30:00,8274080,6,,0,0,1,1,,1
8006670-21,,,8274082,7,,0,0,1,1,,0
8006670-21,,,8274084,8,,0,0,1,1,,0
8006670-21,,,8274086,9,,0,0,1,1,,0
8006670-21,,11:37:00,8274088,10,,0,0,1,1,,1
8006670-21,,11:17:00,8274064,11,,0,0,1,1,,1
8006670-22,,11:30:00,8274064,0,,0,0,1,1,,1
8006670-22,,,8274070,1,,0,0,1,1,,0
8006670-22,,11:35:00,8274072,2,,0,0,1,1,,1
8006670-22,,11:36:00,8274074,3,,0,0,1,1,,1
8006670-22,,,8274076,4,,0,0,1,1,,0
8006670-22,,11:39:00,8274078,5,,0,0,1,1,,1
8006670-22,,11:43:00,8274080,6,,0,0,1,1,,1
8006670-22,,,8274082,7,,0,0,1,1,,0
8006670-22,,,8274084,8,,0,0,1,1,,0
8006670-22,,,8274086,9,,0,0,1,1,,0
8006670-22,,11:50:00,8274088,10,,0,0,1,1,,1
8006670-22,,11:30:00,8274064,11,,0,0,1,1,,1
8006670-23,,11:42:00,8274064,0,,0,0,1,1,,1
8006670-23,,,8274070,1,,0,0,1,1,,0
8006670-23,,11:47:00,8274072,2,,0,0,1,1,,1
8006670-23,,11:48:00,8274074,3,,0,0,1,1,,1
8006670-23,,,8274076,4,,0,0,1,1,,0
8006670-23,,11:51:00,8274078,5,,0,0,1,1,,1
8006670-23,,11:55:00,8274080,6,,0,0,1,1,,1
8006670-23,,,8274082,7,,0,0,1,1,,0
8006670-23,,,8274084,8,,0,0,1,1,,0
8006670-23,,,8274086,9,,0,0,1,1,,0
8006670-23,,12:02:00,8274088,10,,0,0,1,1,,1
8006670-23,,11:42:00,8274064,11,,0,0,1,1,,1
8006670-24,,11:55:00,8274064,0,,0,0,1,1,,1
8006670-24,,,8274070,1,,0,0,1,1,,0
8006670-24,,12:00:00,8274072,2,,0,0,1,1,,1
8006670-24,,12:01:00,8274074,3,,0,0,1,1,,1
8006670-24,,,8274076,4,,0,0,1,1,,0
8006670-24,,12:04:00,8274078,5,,0,0,1,1,,1
8006670-24,,12:08:00,8274080,6,,0,0,1,1,,1
8006670-24,,,8274082,7,,0,0,1,1,,0
8006670-24,,,8274084,8,,0,0,1,1,,0
8006670-24,,,8274086,9,,0,0,1,1,,0
8006670-24,,12:15:00,8274088,10,,0,0,1,1,,1
8006670-24,,11:55:00,8274064,11,,0,0,1,1,,1
8006670-25,,12:07:00,8274064,0,,0,0,1,1,,1
8006670-25,,,8274070,1,,0,0,1,1,,0
8006670-25,,12:12:00,8274072,2,,0,0,1,1,,1
8006670-25,,12:13:00,8274074,3,,0,0,1,1,,1
8006670-25,,,8274076,4,,0,0,1,1,,0
8006670-25,,12:16:00,8274078,5,,0,0,1,1,,1
8006670-25,,12:20:00,8274080,6,,0,0,1,1,,1
8006670-25,,,8274082,7,,0,0,1,1,,0
8006670-25,,,8274084,8,,0,0,1,1,,0
8006670-25,,,8274086,9,,0,0,1,1,,0
8006670-25,,12:27:00,8274088,10,,0,0,1,1,,1
8006670-25,,12:07:00,8274064,11,,0,0,1,1,,1
8006670-26,,12:20:00,8274064,0,,0,0,1,1,,1
8006670-26,,,8274070,1,,0,0,1,1,,0
8006670-26,,12:25:00,8274072,2,,0,0,1,1,,1
8006670-26,,12:26:00,8274074,3,,0,0,1,1,,1
8006670-26,,,8274076,4,,0,0,1,1,,0
8006670-26,,12:29:00,8274078,5,,0,0,1,1,,1
8006670-26,,12:33:00,8274080,6,,0,0,1,1,,1
8006670-26,,,8274082,7,,0,0,1,1,,0
8006670-26,,,8274084,8,,0,0,1,1,,0
8006670-26,,,8274086,9,,0,0,1,1,,0
8006670-26,,12:40:00,8274088,10,,0,0,1,1,,1
8006670-26,,12:20:00,8274064,11,,0,0,1,1,,1
8006670-27,,12:32:00,8274064,0,,0,0,1,1,,1
8006670-27,,,8274070,1,,0,0,1,1,,0
8006670-27,,12:37:00,8274072,2,,0,0,1,1,,1
8006670-27,,12:38:00,8274074,3,,0,0,1,1,,1
8006670-27,,,8274076,4,,0,0,1,1,,0
8006670-27,,12:41:00,8274078,5,,0,0,1,1,,1
8006670-27,,12:45:00,8274080,6,,0,0,1,1,,1
8006670-27,,,8274082,7,,0,0,1,1,,0
8006670-27,,,8274084,8,,0,0,1,1,,0
8006670-27,,,8274086,9,,0,0,1,1,,0
8006670-27,,12:52:00,8274088,10,,0,0,1,1,,1
8006670-27,,12:32:00,8274064,11,,0,0,1,1,,1
8006670-28,,12:45:00,8274064,0,,0,0,1,1,,1
8006670-28,,,8274070,1,,0,0,1,1,,0
8006670-28,,12:50:00,8274072,2,,0,0,1,1,,1
8006670-28,,12:51:00,8274074,3,,0,0,1,1,,1
8006670-28,,,8274076,4,,0,0,1,1,,0
8006670-28,,12:54:00,8274078,5,,0,0,1,1,,1
8006670-28,,12:58:00,8274080,6,,0,0,1,1,,1
8006670-28,,,8274082,7,,0,0,1,1,,0
8006670-28,,,8274084,8,,0,0,1,1,,0
8006670-28,,,8274086,9,,0,0,1,1,,0
8006670-28,,13:05:00,8274088,10,,0,0,1,1,,1
8006670-28,,12:45:00,8274064,11,,0,0,1,1,,1
8006670-29,,12:57:00,8274064,0,,0,0,1,1,,1
8006670-29,,,8274070,1,,0,0,1,1,,0
8006670-29,,13:02:00,8274072,2,,0,0,1,1,,1
8006670-29,,13:03:00,8274074,3,,0,0,1,1,,1
8006670-29,,,8274076,4,,0,0,1,1,,0
8006670-29,,13:06:00,8274078,5,,0,0,1,1,,1
8006670-29,,13:10:00,8274080,6,,0,0,1,1,,1
8006670-29,,,8274082,7,,0,0,1,1,,0
8006670-29,,,8274084,8,,0,0,1,1,,0
8006670-29,,,8274086,9,,0,0,1,1,,0
8006670-29,,13:17:00,8274088,10,,0,0,1,1,,1
8006670-29,,12:57:00,8274064,11,,0,0,1,1,,1
8006670-30,,13:10:00,8274064,0,,0,0,1,1,,1
8006670-30,,,8274070,1,,0,0,1,1,,0
8006670-30,,13:15:00,8274072,2,,0,0,1,1,,1
8006670-30,,13:16:00,8274074,3,,0,0,1,1,,1
8006670-30,,,8274076,4,,0,0,1,1,,0
8006670-30,,13:19:00,8274078,5,,0,0,1,1,,1
8006670-30,,13:23:00,8274080,6,,0,0,1,1,,1
8006670-30,,,8274082,7,,0,0,1,1,,0
8006670-30,,,8274084,8,,0,0,1,1,,0
8006670-30,,,8274086,9,,0,0,1,1,,0
8006670-30,,13:30:00,8274088,10,,0,0,1,1,,1
8006670-30,,13:10:00,8274064,11,,0,0,1,1,,1
8006670-31,,13:22:00,8274064,0,,0,0,1,1,,1
8006670-31,,,8274070,1,,0,0,1,1,,0
8006670-31,,13:27:00,8274072,2,,0,0,1,1,,1
8006670-31,,13:28:00,8274074,3,,0,0,1,1,,1
8006670-31,,,8274076,4,,0,0,1,1,,0
8006670-31,,13:31:00,8274078,5,,0,0,1,1,,1
8006670-31,,13:35:00,8274080,6,,0,0,1,1,,1
8006670-31,,,8274082,7,,0,0,1,1,,0
8006670-31,,,8274084,8,,0,0,1,1,,0
8006670-31,,,8274086,9,,0,0,1,1,,0
8006670-31,,13:42:00,8274088,10,,0,0,1,1,,1
8006670-31,,13:22:00,8274064,11,,0,0,1,1,,1
8006670-32,,13:35:00,8274064,0,,0,0,1,1,,1
8006670-32,,,8274070,1,,0,0,1,1,,0
8006670-32,,13:40:00,8274072,2,,0,0,1,1,,1
8006670-32,,13:41:00,8274074,3,,0,0,1,1,,1
8006670-32,,,8274076,4,,0,0,1,1,,0
8006670-32,,13:44:00,8274078,5,,0,0,1,1,,1
8006670-32,,13:48:00,8274080,6,,0,0,1,1,,1
8006670-32,,,8274082,7,,0,0,1,1,,0
8006670-32,,,8274084,8,,0,0,1,1,,0
8006670-32,,,8274086,9,,0,0,1,1,,0
8006670-32,,13:55:00,8274088,10,,0,0,1,1,,1
8006670-32,,13:35:00,8274064,11,,0,0,1,1,,1
8006670-33,,13:47:00,8274064,0,,0,0,1,1,,1
8006670-33,,,8274070,1,,0,0,1,1,,0
8006670-33,,13:52:00,8274072,2,,0,0,1,1,,1
8006670-33,,13:53:00,8274074,3,,0,0,1,1,,1
8006670-33,,,8274076,4,,0,0,1,1,,0
8006670-33,,13:56:00,8274078,5,,0,0,1,1,,1
8006670-33,,14:00:00,8274080,6,,0,0,1,1,,1
8006670-33,,,8274082,7,,0,0,1,1,,0
8006670-33,,,8274084,8,,0,0,1,1,,0
8006670-33,,,8274086,9,,0,0,1,1,,0
8006670-33,,14:07:00,8274088,10,,0,0,1,1,,1
8006670-33,,13:47:00,8274064,11,,0,0,1,1,,1
8006670-34,,14:00:00,8274064,0,,0,0,1,1,,1
8006670-34,,,8274070,1,,0,0,1,1,,0
8006670-34,,14:05:00,8274072,2,,0,0,1,1,,1
8006670-34,,14:06:00,8274074,3,,0,0,1,1,,1
8006670-34,,,8274076,4,,0,0,1,1,,0
8006670-34,,14:09:00,8274078,5,,0,0,1,1,,1
8006670-34,,14:13:00,8274080,6,,0,0,1,1,,1
8006670-34,,,8274082,7,,0,0,1,1,,0
8006670-34,,,8274084,8,,0,0,1,1,,0
8006670-34,,,8274086,9,,0,0,1,1,,0
8006670-34,,14:20:00,8274088,10,,0,0,1,1,,1
8006670-34,,14:00:00,8274064,11,,0,0,1,1,,1
8006670-35,,14:12:00,8274064,0,,0,0,1,1,,1
8006670-35,,,8274070,1,,0,0,1,1,,0
8006670-35,,14:17:00,8274072,2,,0,0,1,1,,1
8006670-35,,14:18:00,8274074,3,,0,0,1,1,,1
8006670-35,,,8274076,4,,0,0,1,1,,0
8006670-35,,14:21:00,8274078,5,,0,0,1,1,,1
8006670-35,,14:25:00,8274080,6,,0,0,1,1,,1
8006670-35,,,8274082,7,,0,0,1,1,,0
8006670-35,,,8274084,8,,0,0,1,1,,0
8006670-35,,,8274086,9,,0,0,1,1,,0
8006670-35,,14:32:00,8274088,10,,0,0,1,1,,1
8006670-35,,14:12:00,8274064,11,,0,0,1,1,,1
8006670-36,,14:25:00,8274064,0,,0,0,1,1,,1
8006670-36,,,8274070,1,,0,0,1,1,,0
8006670-36,,14:30:00,8274072,2,,0,0,1,1,,1
8006670-36,,14:31:00,8274074,3,,0,0,1,1,,1
8006670-36,,,8274076,4,,0,0,1,1,,0
8006670-36,,14:34:00,8274078,5,,0,0,1,1,,1
8006670-36,,14:38:00,8274080,6,,0,0,1,1,,1
8006670-36,,,8274082,7,,0,0,1,1,,0
8006670-36,,,8274084,8,,0,0,1,1,,0
8006670-36,,,8274086,9,,0,0,1,1,,0
8006670-36,,14:45:00,8274088,10,,0,0,1,1,,1
8006670-36,,14:25:00,8274064,11,,0,0,1,1,,1
8006670-37,,14:37:00,8274064,0,,0,0,1,1,,1
8006670-37,,,8274070,1,,0,0,1,1,,0
8006670-37,,14:42:00,8274072,2,,0,0,1,1,,1
8006670-37,,14:43:00,8274074,3,,0,0,1,1,,1
8006670-37,,,8274076,4,,0,0,1,1,,0
8006670-37,,14:46:00,8274078,5,,0,0,1,1,,1
8006670-37,,14:50:00,8274080,6,,0,0,1,1,,1
8006670-37,,,8274082,7,,0,0,1,1,,0
8006670-37,,,8274084,8,,0,0,1,1,,0
8006670-37,,,8274086,9,,0,0,1,1,,0
8006670-37,,14:57:00,8274088,10,,0,0,1,1,,1
8006670-37,,14:37:00,8274064,11,,0,0,1,1,,1
8006670-38,,14:50:00,8274064,0,,0,0,1,1,,1
8006670-38,,,8274070,1,,0,0,1,1,,0
8006670-38,,14:55:00,8274072,2,,0,0,1,1,,1
8006670-38,,14:56:00,8274074,3,,0,0,1,1,,1
8006670-38,,,8274076,4,,0,0,1,1,,0
8006670-38,,14:59:00,8274078,5,,0,0,1,1,,1
8006670-38,,15:03:00,8274080,6,,0,0,1,1,,1
8006670-38,,,8274082,7,,0,0,1,1,,0
8006670-38,,,8274084,8,,0,0,1,1,,0
8006670-38,,,8274086,9,,0,0,1,1,,0
8006670-38,,15:10:00,8274088,10,,0,0,1,1,,1
8006670-38,,14:50:00,8274064,11,,0,0,1,1,,1
8006670-39,,15:02:00,8274064,0,,0,0,1,1,,1
8006670-39,,,8274070,1,,0,0,1,1,,0
8006670-39,,15:07:00,8274072,2,,0,0,1,1,,1
8006670-39,,15:08:00,8274074,3,,0,0,1,1,,1
8006670-39,,,8274076,4,,0,0,1,1,,0
8006670-39,,15:11:00,8274078,5,,0,0,1,1,,1
8006670-39,,15:15:00,8274080,6,,0,0,1,1,,1
8006670-39,,,8274082,7,,0,0,1,1,,0
8006670-39,,,8274084,8,,0,0,1,1,,0
8006670-39,,,8274086,9,,0,0,1,1,,0
8006670-39,,15:22:00,8274088,10,,0,0,1,1,,1
8006670-39,,15:02:00,8274064,11,,0,0,1,1,,1
8006670-40,,15:15:00,8274064,0,,0,0,1,1,,1
8006670-40,,,8274070,1,,0,0,1,1,,0
8006670-40,,15:20:00,8274072,2,,0,0,1,1,,1
8006670-40,,15:21:00,8274074,3,,0,0,1,1,,1
8006670-40,,,8274076,4,,0,0,1,1,,0
8006670-40,,15:24:00,8274078,5,,0,0,1,1,,1
8006670-40,,15:28:00,8274080,6,,0,0,1,1,,1
8006670-40,,,8274082,7,,0,0,1,1,,0
8006670-40,,,8274084,8,,0,0,1,1,,0
8006670-40,,,8274086,9,,0,0,1,1,,0
8006670-40,,15:35:00,8274088,10,,0,0,1,1,,1
8006670-40,,15:15:00,8274064,11,,0,0,1,1,,1
8006670-41,,15:27:00,8274064,0,,0,0,1,1,,1
8006670-41,,,8274070,1,,0,0,1,1,,0
8006670-41,,15:32:00,8274072,2,,0,0,1,1,,1
8006670-41,,15:33:00,8274074,3,,0,0,1,1,,1
8006670-41,,,8274076,4,,0,0,1,1,,0
8006670-41,,15:36:00,8274078,5,,0,0,1,1,,1
8006670-41,,15:40:00,8274080,6,,0,0,1,1,,1
8006670-41,,,8274082,7,,0,0,1,1,,0
8006670-41,,,8274084,8,,0,0,1,1,,0
8006670-41,,,8274086,9,,0,0,1,1,,0
8006670-41,,15:47:00,8274088,10,,0,0,1,1,,1
8006670-41,,15:27:00,8274064,11,,0,0,1,1,,1
8006670-42,,15:40:00,8274064,0,,0,0,1,1,,1
8006670-42,,,8274070,1,,0,0,1,1,,0
8006670-42,,15:45:00,8274072,2,,0,0,1,1,,1
8006670-42,,15:46:00,8274074,3,,0,0,1,1,,1
8006670-42,,,8274076,4,,0,0,1,1,,0
8006670-42,,15:49:00,8274078,5,,0,0,1,1,,1
8006670-42,,15:53:00,8274080,6,,0,0,1,1,,1
8006670-42,,,8274082,7,,0,0,1,1,,0
8006670-42,,,8274084,8,,0,0,1,1,,0
8006670-42,,,8274086,9,,0,0,1,1,,0
8006670-42,,16:00:00,8274088,10,,0,0,1,1,,1
8006670-42,,15:40:00,8274064,11,,0,0,1,1,,1
8006670-43,,15:52:00,8274064,0,,0,0,1,1,,1
8006670-43,,,8274070,1,,0,0,1,1,,0
8006670-43,,15:57:00,8274072,2,,0,0,1,1,,1
8006670-43,,15:58:00,8274074,3,,0,0,1,1,,1
8006670-43,,,8274076,4,,0,0,1,1,,0
8006670-43,,16:01:00,8274078,5,,0,0,1,1,,1
8006670-43,,16:05:00,8274080,6,,0,0,1,1,,1
8006670-43,,,8274082,7,,0,0,1,1,,0
8006670-43,,,8274084,8,,0,0,1,1,,0
8006670-43,,,8274086,9,,0,0,1,1,,0
8006670-43,,16:12:00,8274088,10,,0,0,1,1,,1
8006670-43,,15:52:00,8274064,11,,0,0,1,1,,1
8006670-44,,16:05:00,8274064,0,,0,0,1,1,,1
8006670-44,,,8274070,1,,0,0,1,1,,0
8006670-44,,16:10:00,8274072,2,,0,0,1,1,,1
8006670-44,,16:11:00,8274074,3,,0,0,1,1,,1
8006670-44,,,8274076,4,,0,0,1,1,,0
8006670-44,,16:14:00,8274078,5,,0,0,1,1,,1
8006670-44,,16:18:00,8274080,6,,0,0,1,1,,1
8006670-44,,,8274082,7,,0,0,1,1,,0
8006670-44,,,8274084,8,,0,0,1,1,,0
8006670-44,,,8274086,9,,0,0,1,1,,0
8006670-44,,16:25:00,8274088,10,,0,0,1,1,,1
8006670-44,,16:05:00,8274064,11,,0,0,1,1,,1
8006670-45,,16:17:00,8274064,0,,0,0,1,1,,1
8006670-45,,,8274070,1,,0,0,1,1,,0
8006670-45,,16:22:00,8274072,2,,0,0,1,1,,1
8006670-45,,16:23:00,8274074,3,,0,0,1,1,,1
8006670-45,,,8274076,4,,0,0,1,1,,0
8006670-45,,16:26:00,8274078,5,,0,0,1,1,,1
8006670-45,,16:30:00,8274080,6,,0,0,1,1,,1
8006670-45,,,8274082,7,,0,0,1,1,,0
8006670-45,,,8274084,8,,0,0,1,1,,0
8006670-45,,,8274086,9,,0,0,1,1,,0
8006670-45,,16:37:00,8274088,10,,0,0,1,1,,1
8006670-45,,16:17:00,8274064,11,,0,0,1,1,,1
8006670-46,,16:30:00,8274064,0,,0,0,1,1,,1
8006670-46,,,8274070,1,,0,0,1,1,,0
8006670-46,,16:35:00,8274072,2,,0,0,1,1,,1
8006670-46,,16:36:00,8274074,3,,0,0,1,1,,1
8006670-46,,,8274076,4,,0,0,1,1,,0
8006670-46,,16:39:00,8274078,5,,0,0,1,1,,1
8006670-46,,16:43:00,8274080,6,,0,0,1,1,,1
8006670-46,,,8274082,7,,0,0,1,1,,0
8006670-46,,,8274084,8,,0,0,1,1,,0
8006670-46,,,8274086,9,,0,0,1,1,,0
8006670-46,,16:50:00,8274088,10,,0,0,1,1,,1
8006670-46,,16:30:00,8274064,11,,0,0,1,1,,1
8006670-47,,16:42:00,8274064,0,,0,0,1,1,,1
8006670-47,,,8274070,1,,0,0,1,1,,0
8006670-47,,16:47:00,8274072,2,,0,0,1,1,,1
8006670-47,,16:48:00,8274074,3,,0,0,1,1,,1
8006670-47,,,8274076,4,,0,0,1,1,,0
8006670-47,,16:51:00,8274078,5,,0,0,1,1,,1
8006670-47,,16:55:00,8274080,6,,0,0,1,1,,1
8006670-47,,,8274082,7,,0,0,1,1,,0
8006670-47,,,8274084,8,,0,0,1,1,,0
8006670-47,,,8274086,9,,0,0,1,1,,0
8006670-47,,17:02:00,8274088,10,,0,0,1,1,,1
8006670-47,,16:42:00,8274064,11,,0,0,1,1,,1
8006670-48,,16:55:00,8274064,0,,0,0,1,1,,1
8006670-48,,,8274070,1,,0,0,1,1,,0
8006670-48,,17:00:00,8274072,2,,0,0,1,1,,1
8006670-48,,17:01:00,8274074,3,,0,0,1,1,,1
8006670-48,,,8274076,4,,0,0,1,1,,0
8006670-48,,17:04:00,8274078,5,,0,0,1,1,,1
8006670-48,,17:08:00,8274080,6,,0,0,1,1,,1
8006670-48,,,8274082,7,,0,0,1,1,,0
8006670-48,,,8274084,8,,0,0,1,1,,0
8006670-48,,,8274086,9,,0,0,1,1,,0
8006670-48,,17:15:00,8274088,10,,0,0,1,1,,1
8006670-48,,16:55:00,8274064,11,,0,0,1,1,,1
8006670-49,,17:07:00,8274064,0,,0,0,1,1,,1
8006670-49,,,8274070,1,,0,0,1,1,,0
8006670-49,,17:12:00,8274072,2,,0,0,1,1,,1
8006670-49,,17:13:00,8274074,3,,0,0,1,1,,1
8006670-49,,,8274076,4,,0,0,1,1,,0
8006670-49,,17:16:00,8274078,5,,0,0,1,1,,1
8006670-49,,17:20:00,8274080,6,,0,0,1,1,,1
8006670-49,,,8274082,7,,0,0,1,1,,0
8006670-49,,,8274084,8,,0,0,1,1,,0
8006670-49,,,8274086,9,,0,0,1,1,,0
8006670-49,,17:27:00,8274088,10,,0,0,1,1,,1
8006670-49,,17:07:00,8274064,11,,0,0,1,1,,1
8006670-50,,17:20:00,8274064,0,,0,0,1,1,,1
8006670-50,,,8274070,1,,0,0,1,1,,0
8006670-50,,17:25:00,8274072,2,,0,0,1,1,,1
8006670-50,,17:26:00,8274074,3,,0,0,1,1,,1
8006670-50,,,8274076,4,,0,0,1,1,,0
8006670-50,,17:29:00,8274078,5,,0,0,1,1,,1
8006670-50,,17:33:00,8274080,6,,0,0,1,1,,1
8006670-50,,,8274082,7,,0,0,1,1,,0
8006670-50,,,8274084,8,,0,0,1,1,,0
8006670-50,,,8274086,9,,0,0,1,1,,0
8006670-50,,17:40:00,8274088,10,,0,0,1,1,,1
8006670-50,,17:20:00,8274064,11,,0,0,1,1,,1
8006670-51,,17:32:00,8274064,0,,0,0,1,1,,1
8006670-51,,,8274070,1,,0,0,1,1,,0
8006670-51,,17:37:00,8274072,2,,0,0,1,1,,1
8006670-51,,17:38:00,8274074,3,,0,0,1,1,,1
8006670-51,,,8274076,4,,0,0,1,1,,0
8006670-51,,17:41:00,8274078,5,,0,0,1,1,,1
8006670-51,,17:45:00,8274080,6,,0,0,1,1,,1
8006670-51,,,8274082,7,,0,0,1,1,,0
8006670-51,,,8274084,8,,0,0,1,1,,0
8006670-51,,,8274086,9,,0,0,1,1,,0
8006670-51,,17:52:00,8274088,10,,0,0,1,1,,1
8006670-51,,17:32:00,8274064,11,,0,0,1,1,,1
8006670-52,,17:45:00,8274064,0,,0,0,1,1,,1
8006670-52,,,8274070,1,,0,0,1,1,,0
8006670-52,,17:50:00,8274072,2,,0,0,1,1,,1
8006670-52,,17:51:00,8274074,3,,0,0,1,1,,1
8006670-52,,,8274076,4,,0,0,1,1,,0
8006670-52,,17:54:00,8274078,5,,0,0,1,1,,1
8006670-52,,17:58:00,8274080,6,,0,0,1,1,,1
8006670-52,,,8274082,7,,0,0,1,1,,0
8006670-52,,,8274084,8,,0,0,1,1,,0
8006670-52,,,8274086,9,,0,0,1,1,,0
8006670-52,,18:05:00,8274088,10,,0,0,1,1,,1
8006670-52,,17:45:00,8274064,11,,0,0,1,1,,1
8006670-53,,17:57:00,8274064,0,,0,0,1,1,,1
8006670-53,,,8274070,1,,0,0,1,1,,0
8006670-53,,18:02:00,8274072,2,,0,0,1,1,,1
8006670-53,,18:03:00,8274074,3,,0,0,1,1,,1
8006670-53,,,8274076,4,,0,0,1,1,,0
8006670-53,,18:06:00,8274078,5,,0,0,1,1,,1
8006670-53,,18:10:00,8274080,6,,0,0,1,1,,1
8006670-53,,,8274082,7,,0,0,1,1,,0
8006670-53,,,8274084,8,,0,0,1,1,,0
8006670-53,,,8274086,9,,0,0,1,1,,0
8006670-53,,18:17:00,8274088,10,,0,0,1,1,,1
8006670-53,,17:57:00,8274064,11,,0,0,1,1,,1
8006670-54,,18:10:00,8274064,0,,0,0,1,1,,1
8006670-54,,,8274070,1,,0,0,1,1,,0
8006670-54,,18:15:00,8274072,2,,0,0,1,1,,1
8006670-54,,18:16:00,8274074,3,,0,0,1,1,,1
8006670-54,,,8274076,4,,0,0,1,1,,0
8006670-54,,18:19:00,8274078,5,,0,0,1,1,,1
8006670-54,,18:23:00,8274080,6,,0,0,1,1,,1
8006670-54,,,8274082,7,,0,0,1,1,,0
8006670-54,,,8274084,8,,0,0,1,1,,0
8006670-54,,,8274086,9,,0,0,1,1,,0
8006670-54,,18:30:00,8274088,10,,0,0,1,1,,1
8006670-54,,18:10:00,8274064,11,,0,0,1,1,,1
8006670-55,,18:22:00,8274064,0,,0,0,1,1,,1
8006670-55,,,8274070,1,,0,0,1,1,,0
8006670-55,,18:27:00,8274072,2,,0,0,1,1,,1
8006670-55,,18:28:00,8274074,3,,0,0,1,1,,1
8006670-55,,,8274076,4,,0,0,1,1,,0
8006670-55,,18:31:00,8274078,5,,0,0,1,1,,1
8006670-55,,18:35:00,8274080,6,,0,0,1,1,,1
8006670-55,,,8274082,7,,0,0,1,1,,0
8006670-55,,,8274084,8,,0,0,1,1,,0
8006670-55,,,8274086,9,,0,0,1,1,,0
8006670-55,,18:42:00,8274088,10,,0,0,1,1,,1
8006670-55,,18:22:00,8274064,11,,0,0,1,1,,1
8006670-56,,18:35:00,8274064,0,,0,0,1,1,,1
8006670-56,,,8274070,1,,0,0,1,1,,0
8006670-56,,18:40:00,8274072,2,,0,0,1,1,,1
8006670-56,,18:41:00,8274074,3,,0,0,1,1,,1
8006670-56,,,8274076,4,,0,0,1,1,,0
8006670-56,,18:44:00,8274078,5,,0,0,1,1,,1
8006670-56,,18:48:00,8274080,6,,0,0,1,1,,1
8006670-56,,,8274082,7,,0,0,1,1,,0
8006670-56,,,8274084,8,,0,0,1,1,,0
8006670-56,,,8274086,9,,0,0,1,1,,0
8006670-56,,18:55:00,8274088,10,,0,0,1,1,,1
8006670-56,,18:35:00,8274064,11,,0,0,1,1,,1
8006670-57,,18:47:00,8274064,0,,0,0,1,1,,1
8006670-57,,,8274070,1,,0,0,1,1,,0
8006670-57,,,8274072,2,,1,0,1,1,,1
8006670-57,,,8274074,3,,1,0,1,1,,1
8006670-57,,,8274076,4,,1,0,1,1,,0
8006670-57,,,8274078,5,,1,0,1,1,,1
8006670-57,,,8274080,6,,1,0,1,1,,1
8006670-57,,,8274082,7,,1,0,1,1,,0
8006670-57,,,8274084,8,,1,0,1,1,,0
8006670-57,,,8274086,9,,1,0,1,1,,0
8006670-57,,,8274088,10,,1,0,1,1,,1
8006670-57,,18:47:00,8274064,11,,1,0,1,1,,1
8006670-58,,19:00:00,8274064,0,,0,0,1,1,,1
8006670-58,,,8274070,1,,0,0,1,1,,0
8006670-58,,19:05:00,8274072,2,,0,0,1,1,,1
8006670-58,,19:06:00,8274074,3,,0,0,1,1,,1
8006670-58,,,8274076,4,,0,0,1,1,,0
8006670-58,,19:09:00,8274078,5,,0,0,1,1,,1
8006670-58,,19:13:00,8274080,6,,0,0,1,1,,1
8006670-58,,,8274082,7,,0,0,1,1,,0
8006670-58,,,8274084,8,,0,0,1,1,,0
8006670-58,,,8274086,9,,0,0,1,1,,0
8006670-58,,19:20:00,8274088,10,,0,0,1,1,,1
8006670-58,,19:00:00,8274064,11,,0,0,1,1,,1
8006670-59,,19:25:00,8274064,0,,0,0,1,1,,1
8006670-59,,,8274070,1,,0,0,1,1,,0
8006670-59,,19:30:00,8274072,2,,0,0,1,1,,1
8006670-59,,19:31:00,8274074,3,,0,0,1,1,,1
8006670-59,,,8274076,4,,0,0,1,1,,0
8006670-59,,19:34:00,8274078,5,,0,0,1,1,,1
8006670-59,,19:38:00,8274080,6,,0,0,1,1,,1
8006670-59,,,8274082,7,,0,0,1,1,,0
8006670-59,,,8274084,8,,0,0,1,1,,0
8006670-59,,,8274086,9,,0,0,1,1,,0
8006670-59,,19:45:00,8274088,10,,0,0,1,1,,1
8006670-59,,19:25:00,8274064,11,,0,0,1,1,,1
8006670-60,,19:50:00,8274064,0,,0,0,1,1,,1
8006670-60,,,8274070,1,,0,0,1,1,,0
8006670-60,,19:55:00,8274072,2,,0,0,1,1,,1
8006670-60,,19:56:00,8274074,3,,0,0,1,1,,1
8006670-60,,,8274076,4,,0,0,1,1,,0
8006670-60,,19:59:00,8274078,5,,0,0,1,1,,1
8006670-60,,20:03:00,8274080,6,,0,0,1,1,,1
8006670-60,,,8274082,7,,0,0,1,1,,0
8006670-60,,,8274084,8,,0,0,1,1,,0
8006670-60,,,8274086,9,,0,0,1,1,,0
8006670-60,,20:10:00,8274088,10,,0,0,1,1,,1
8006670-60,,19:50:00,8274064,11,,0,0,1,1,,1
8006670-61,,20:15:00,8274064,0,,0,0,1,1,,1
8006670-61,,,8274070,1,,0,0,1,1,,0
8006670-61,,20:20:00,8274072,2,,0,0,1,1,,1
8006670-61,,20:21:00,8274074,3,,0,0,1,1,,1
8006670-61,,,8274076,4,,0,0,1,1,,0
8006670-61,,20:24:00,8274078,5,,0,0,1,1,,1
8006670-61,,20:28:00,8274080,6,,0,0,1,1,,1
8006670-61,,,8274082,7,,0,0,1,1,,0
8006670-61,,,8274084,8,,0,0,1,1,,0
8006670-61,,,8274086,9,,0,0,1,1,,0
8006670-61,,20:35:00,8274088,10,,0,0,1,1,,1
8006670-61,,20:15:00,8274064,11,,0,0,1,1,,1
8006670-62,,20:40:00,8274064,0,,0,0,1,1,,1
8006670-62,,,8274070,1,,0,0,1,1,,0
8006670-62,,20:45:00,8274072,2,,0,0,1,1,,1
8006670-62,,20:46:00,8274074,3,,0,0,1,1,,1
8006670-62,,,8274076,4,,0,0,1,1,,0
8006670-62,,20:49:00,8274078,5,,0,0,1,1,,1
8006670-62,,20:53:00,8274080,6,,0,0,1,1,,1
8006670-62,,,8274082,7,,0,0,1,1,,0
8006670-62,,,8274084,8,,0,0,1,1,,0
8006670-62,,,8274086,9,,0,0,1,1,,0
8006670-62,,21:00:00,8274088,10,,0,0,1,1,,1
8006670-62,,20:40:00,8274064,11,,0,0,1,1,,1
8006670-63,,21:05:00,8274064,0,,0,0,1,1,,1
8006670-63,,,8274070,1,,0,0,1,1,,0
8006670-63,,21:10:00,8274072,2,,0,0,1,1,,1
8006670-63,,21:11:00,8274074,3,,0,0,1,1,,1
8006670-63,,,8274076,4,,0,0,1,1,,0
8006670-63,,21:14:00,8274078,5,,0,0,1,1,,1
8006670-63,,21:18:00,8274080,6,,0,0,1,1,,1
8006670-63,,,8274082,7,,0,0,1,1,,0
8006670-63,,,8274084,8,,0,0,1,1,,0
8006670-63,,,8274086,9,,0,0,1,1,,0
8006670-63,,21:25:00,8274088,10,,0,0,1,1,,1
8006670-63,,21:05:00,8274064,11,,0,0,1,1,,1
8006670-64,,21:30:00,8274064,0,,0,0,1,1,,1
8006670-64,,,8274070,1,,0,0,1,1,,0
8006670-64,,21:35:00,8274072,2,,0,0,1,1,,1
8006670-64,,21:36:00,8274074,3,,0,0,1,1,,1
8006670-64,,,8274076,4,,0,0,1,1,,0
8006670-64,,21:39:00,8274078,5,,0,0,1,1,,1
8006670-64,,21:43:00,8274080,6,,0,0,1,1,,1
8006670-64,,,8274082,7,,0,0,1,1,,0
8006670-64,,,8274084,8,,0,0,1,1,,0
8006670-64,,,8274086,9,,0,0,1,1,,0
8006670-64,,21:50:00,8274088,10,,0,0,1,1,,1
8006670-64,,21:30:00,8274064,11,,0,0,1,1,,1
8006670-65,,21:55:00,8274064,0,,0,0,1,1,,1
8006670-65,,,8274070,1,,0,0,1,1,,0
8006670-65,,22:00:00,8274072,2,,0,0,1,1,,1
8006670-65,,22:01:00,8274074,3,,0,0,1,1,,1
8006670-65,,,8274076,4,,0,0,1,1,,0
8006670-65,,22:04:00,8274078,5,,0,0,1,1,,1
8006670-65,,22:08:00,8274080,6,,0,0,1,1,,1
8006670-65,,,8274082,7,,0,0,1,1,,0
8006670-65,,,8274084,8,,0,0,1,1,,0
8006670-65,,,8274086,9,,0,0,1,1,,0
8006670-65,,22:15:00,8274088,10,,0,0,1,1,,1
8006670-65,,21:55:00,8274064,11,,0,0,1,1,,1
8006670-66,,22:30:00,8274064,0,,0,0,1,1,,1
8006670-66,,,8274070,1,,0,0,1,1,,0
8006670-66,,,8274072,2,,1,0,1,1,,1
8006670-66,,,8274074,3,,1,0,1,1,,1
8006670-66,,,8274076,4,,1,0,1,1,,0
8006670-66,,,8274078,5,,1,0,1,1,,1
8006670-66,,,8274080,6,,1,0,1,1,,1
8006670-66,,,8274082,7,,1,0,1,1,,0
8006670-66,,,8274084,8,,1,0,1,1,,0
8006670-66,,,8274086,9,,1,0,1,1,,0
8006670-66,,,8274088,10,,1,0,1,1,,1
8006670-66,,22:30:00,8274064,11,,1,0,1,1,,1
8006672-2,,,8197566,0,,0,0,1,1,,1
8006672-2,,,8197568,1,,0,0,1,1,,0
8006672-2,,07:20:00,8274066,2,,0,0,1,1,,0
8006672-2,,07:22:00,8197572,3,,0,0,1,1,,1
8006672-2,,,8197574,4,,0,0,1,1,,0
8006672-2,,,8197576,5,,0,0,1,1,,0
8006672-2,,07:25:00,8197558,6,,0,0,1,1,,1
8006672-2,,,8197560,7,,0,0,1,1,,0
8006672-2,,,8197578,8,,0,0,1,1,,0
8006672-2,,,8197566,9,,0,0,1,1,,1
8006672-3,,,8197566,0,,0,0,1,1,,1
8006672-3,,,8197568,1,,0,0,1,1,,0
8006672-3,,07:28:00,8274066,2,,0,0,1,1,,0
8006672-3,,07:30:00,8197572,3,,0,0,1,1,,1
8006672-3,,,8197574,4,,0,0,1,1,,0
8006672-3,,,8197576,5,,0,0,1,1,,0
8006672-3,,07:33:00,8197558,6,,0,0,1,1,,1
8006672-3,,,8197560,7,,0,0,1,1,,0
8006672-3,,,8197578,8,,0,0,1,1,,0
8006672-3,,,8197566,9,,0,0,1,1,,1
8006672-4,,,8197566,0,,0,0,1,1,,1
8006672-4,,,8197568,1,,0,0,1,1,,0
8006672-4,,07:36:00,8274066,2,,0,0,1,1,,0
8006672-4,,07:38:00,8197572,3,,0,0,1,1,,1
8006672-4,,,8197574,4,,0,0,1,1,,0
8006672-4,,,8197576,5,,0,0,1,1,,0
8006672-4,,07:41:00,8197558,6,,0,0,1,1,,1
8006672-4,,,8197560,7,,0,0,1,1,,0
8006672-4,,,8197578,8,,0,0,1,1,,0
8006672-4,,,8197566,9,,0,0,1,1,,1
8006672-5,,07:38:00,8197566,0,,0,0,1,1,,1
8006672-5,,,8197568,1,,0,0,1,1,,0
8006672-5,,07:43:00,8274066,2,,0,0,1,1,,0
8006672-5,,07:46:00,8197572,3,,0,0,1,1,,1
8006672-5,,,8197574,4,,0,0,1,1,,0
8006672-5,,,8197576,5,,0,0,1,1,,0
8006672-5,,07:50:00,8197558,6,,0,0,1,1,,1
8006672-5,,,8197560,7,,0,0,1,1,,0
8006672-5,,,8197578,8,,0,0,1,1,,0
8006672-5,,07:38:00,8197566,9,,0,0,1,1,,1
8006672-6,,07:46:00,8197566,0,,0,0,1,1,,1
8006672-6,,,8197568,1,,0,0,1,1,,0
8006672-6,,07:51:00,8274066,2,,0,0,1,1,,0
8006672-6,,07:54:00,8197572,3,,0,0,1,1,,1
8006672-6,,,8197574,4,,0,0,1,1,,0
8006672-6,,,8197576,5,,0,0,1,1,,0
8006672-6,,07:58:00,8197558,6,,0,0,1,1,,1
8006672-6,,,8197560,7,,0,0,1,1,,0
8006672-6,,,8197578,8,,0,0,1,1,,0
8006672-6,,07:46:00,8197566,9,,0,0,1,1,,1
8006672-7,,07:54:00,8197566,0,,0,0,1,1,,1
8006672-7,,,8197568,1,,0,0,1,1,,0
8006672-7,,07:59:00,8274066,2,,0,0,1,1,,0
8006672-7,,08:02:00,8197572,3,,0,0,1,1,,1
8006672-7,,,8197574,4,,0,0,1,1,,0
8006672-7,,,8197576,5,,0,0,1,1,,0
8006672-7,,08:06:00,8197558,6,,0,0,1,1,,1
8006672-7,,,8197560,7,,0,0,1,1,,0
8006672-7,,,8197578,8,,0,0,1,1,,0
8006672-7,,07:54:00,8197566,9,,0,0,1,1,,1
8006672-8,,08:02:00,8197566,0,,0,0,1,1,,1
8006672-8,,,8197568,1,,0,0,1,1,,0
8006672-8,,08:07:00,8274066,2,,0,0,1,1,,0
8006672-8,,08:10:00,8197572,3,,0,0,1,1,,1
8006672-8,,,8197574,4,,0,0,1,1,,0
8006672-8,,,8197576,5,,0,0,1,1,,0
8006672-8,,08:14:00,8197558,6,,0,0,1,1,,1
8006672-8,,,8197560,7,,0,0,1,1,,0
8006672-8,,,8197578,8,,0,0,1,1,,0
8006672-8,,08:02:00,8197566,9,,0,0,1,1,,1
8006672-9,,08:10:00,8197566,0,,0,0,1,1,,1
8006672-9,,,8197568,1,,0,0,1,1,,0
8006672-9,,08:15:00,8274066,2,,0,0,1,1,,0
8006672-9,,08:18:00,8197572,3,,0,0,1,1,,1
8006672-9,,,8197574,4,,0,0,1,1,,0
8006672-9,,,8197576,5,,0,0,1,1,,0
8006672-9,,08:22:00,8197558,6,,0,0,1,1,,1
8006672-9,,,8197560,7,,0,0,1,1,,0
8006672-9,,,8197578,8,,0,0,1,1,,0
8006672-9,,08:10:00,8197566,9,,0,0,1,1,,1
8006672-10,,08:18:00,8197566,0,,0,0,1,1,,1
8006672-10,,,8197568,1,,0,0,1,1,,0
8006672-10,,08:23:00,8274066,2,,0,0,1,1,,0
8006672-10,,08:26:00,8197572,3,,0,0,1,1,,1
8006672-10,,,8197574,4,,0,0,1,1,,0
8006672-10,,,8197576,5,,0,0,1,1,,0
8006672-10,,08:30:00,8197558,6,,0,0,1,1,,1
8006672-10,,,8197560,7,,0,0,1,1,,0
8006672-10,,,8197578,8,,0,0,1,1,,0
8006672-10,,08:18:00,8197566,9,,0,0,1,1,,1
8006672-11,,08:26:00,8197566,0,,0,0,1,1,,1
8006672-11,,,8197568,1,,0,0,1,1,,0
8006672-11,,08:31:00,8274066,2,,0,0,1,1,,0
8006672-11,,08:34:00,8197572,3,,0,0,1,1,,1
8006672-11,,,8197574,4,,0,0,1,1,,0
8006672-11,,,8197576,5,,0,0,1,1,,0
8006672-11,,08:38:00,8197558,6,,0,0,1,1,,1
8006672-11,,,8197560,7,,0,0,1,1,,0
8006672-11,,,8197578,8,,0,0,1,1,,0
8006672-11,,08:26:00,8197566,9,,0,0,1,1,,1
8006672-12,,08:34:00,8197566,0,,0,0,1,1,,1
8006672-12,,,8197568,1,,0,0,1,1,,0
8006672-12,,08:39:00,8274066,2,,0,0,1,1,,0
8006672-12,,08:42:00,8197572,3,,0,0,1,1,,1
8006672-12,,,8197574,4,,0,0,1,1,,0
8006672-12,,,8197576,5,,0,0,1,1,,0
8006672-12,,08:46:00,8197558,6,,0,0,1,1,,1
8006672-12,,,8197560,7,,0,0,1,1,,0
8006672-12,,,8197578,8,,0,0,1,1,,0
8006672-12,,08:34:00,8197566,9,,0,0,1,1,,1
8006672-13,,08:42:00,8197566,0,,0,0,1,1,,1
8006672-13,,,8197568,1,,0,0,1,1,,0
8006672-13,,08:47:00,8274066,2,,0,0,1,1,,0
8006672-13,,08:50:00,8197572,3,,0,0,1,1,,1
8006672-13,,,8197574,4,,0,0,1,1,,0
8006672-13,,,8197576,5,,0,0,1,1,,0
8006672-13,,08:54:00,8197558,6,,0,0,1,1,,1
8006672-13,,,8197560,7,,0,0,1,1,,0
8006672-13,,,8197578,8,,0,0,1,1,,0
8006672-13,,08:42:00,8197566,9,,0,0,1,1,,1
8006672-14,,08:50:00,8197566,0,,0,0,1,1,,1
8006672-14,,,8197568,1,,0,0,1,1,,0
8006672-14,,08:55:00,8274066,2,,0,0,1,1,,0
8006672-14,,08:58:00,8197572,3,,0,0,1,1,,1
8006672-14,,,8197574,4,,0,0,1,1,,0
8006672-14,,,8197576,5,,0,0,1,1,,0
8006672-14,,09:02:00,8197558,6,,0,0,1,1,,1
8006672-14,,,8197560,7,,0,0,1,1,,0
8006672-14,,,8197578,8,,0,0,1,1,,0
8006672-14,,08:50:00,8197566,9,,0,0,1,1,,1
8006672-15,,08:58:00,8197566,0,,0,0,1,1,,1
8006672-15,,,8197568,1,,0,0,1,1,,0
8006672-15,,09:03:00,8274066,2,,0,0,1,1,,0
8006672-15,,09:06:00,8197572,3,,0,0,1,1,,1
8006672-15,,,8197574,4,,0,0,1,1,,0
8006672-15,,,8197576,5,,0,0,1,1,,0
8006672-15,,09:10:00,8197558,6,,0,0,1,1,,1
8006672-15,,,8197560,7,,0,0,1,1,,0
8006672-15,,,8197578,8,,0,0,1,1,,0
8006672-15,,08:58:00,8197566,9,,0,0,1,1,,1
8006672-16,,09:06:00,8197566,0,,0,0,1,1,,1
8006672-16,,,8197568,1,,0,0,1,1,,0
8006672-16,,09:11:00,8274066,2,,0,0,1,1,,0
8006672-16,,09:14:00,8197572,3,,0,0,1,1,,1
8006672-16,,,8197574,4,,0,0,1,1,,0
8006672-16,,,8197576,5,,0,0,1,1,,0
8006672-16,,09:18:00,8197558,6,,0,0,1,1,,1
8006672-16,,,8197560,7,,0,0,1,1,,0
8006672-16,,,8197578,8,,0,0,1,1,,0
8006672-16,,09:06:00,8197566,9,,0,0,1,1,,1
8006672-17,,09:14:00,8197566,0,,0,0,1,1,,1
8006672-17,,,8197568,1,,0,0,1,1,,0
8006672-17,,09:19:00,8274066,2,,0,0,1,1,,0
8006672-17,,09:22:00,8197572,3,,0,0,1,1,,1
8006672-17,,,8197574,4,,0,0,1,1,,0
8006672-17,,,8197576,5,,0,0,1,1,,0
8006672-17,,09:26:00,8197558,6,,0,0,1,1,,1
8006672-17,,,8197560,7,,0,0,1,1,,0
8006672-17,,,8197578,8,,0,0,1,1,,0
8006672-17,,09:14:00,8197566,9,,0,0,1,1,,1
8006672-18,,09:22:00,8197566,0,,0,0,1,1,,1
8006672-18,,,8197568,1,,0,0,1,1,,0
8006672-18,,09:27:00,8274066,2,,0,0,1,1,,0
8006672-18,,09:30:00,8197572,3,,0,0,1,1,,1
8006672-18,,,8197574,4,,0,0,1,1,,0
8006672-18,,,8197576,5,,0,0,1,1,,0
8006672-18,,09:34:00,8197558,6,,0,0,1,1,,1
8006672-18,,,8197560,7,,0,0,1,1,,0
8006672-18,,,8197578,8,,0,0,1,1,,0
8006672-18,,09:22:00,8197566,9,,0,0,1,1,,1
8006672-19,,09:30:00,8197566,0,,0,0,1,1,,1
8006672-19,,,8197568,1,,0,0,1,1,,0
8006672-19,,09:35:00,8274066,2,,0,0,1,1,,0
8006672-19,,09:38:00,8197572,3,,0,0,1,1,,1
8006672-19,,,8197574,4,,0,0,1,1,,0
8006672-19,,,8197576,5,,0,0,1,1,,0
8006672-19,,09:42:00,8197558,6,,0,0,1,1,,1
8006672-19,,,8197560,7,,0,0,1,1,,0
8006672-19,,,8197578,8,,0,0,1,1,,0
8006672-19,,09:30:00,8197566,9,,0,0,1,1,,1
8006672-20,,09:38:00,8197566,0,,0,0,1,1,,1
8006672-20,,,8197568,1,,0,0,1,1,,0
8006672-20,,09:43:00,8274066,2,,0,0,1,1,,0
8006672-20,,09:46:00,8197572,3,,0,0,1,1,,1
8006672-20,,,8197574,4,,0,0,1,1,,0
8006672-20,,,8197576,5,,0,0,1,1,,0
8006672-20,,09:50:00,8197558,6,,0,0,1,1,,1
8006672-20,,,8197560,7,,0,0,1,1,,0
8006672-20,,,8197578,8,,0,0,1,1,,0
8006672-20,,09:38:00,8197566,9,,0,0,1,1,,1
8006672-21,,09:46:00,8197566,0,,0,0,1,1,,1
8006672-21,,,8197568,1,,0,0,1,1,,0
8006672-21,,09:51:00,8274066,2,,0,0,1,1,,0
8006672-21,,09:54:00,8197572,3,,0,0,1,1,,1
8006672-21,,,8197574,4,,0,0,1,1,,0
8006672-21,,,8197576,5,,0,0,1,1,,0
8006672-21,,09:58:00,8197558,6,,0,0,1,1,,1
8006672-21,,,8197560,7,,0,0,1,1,,0
8006672-21,,,8197578,8,,0,0,1,1,,0
8006672-21,,09:46:00,8197566,9,,0,0,1,1,,1
8006672-22,,09:54:00,8197566,0,,0,0,1,1,,1
8006672-22,,,8197568,1,,0,0,1,1,,0
8006672-22,,09:59:00,8274066,2,,0,0,1,1,,0
8006672-22,,10:02:00,8197572,3,,0,0,1,1,,1
8006672-22,,,8197574,4,,0,0,1,1,,0
8006672-22,,,8197576,5,,0,0,1,1,,0
8006672-22,,10:06:00,8197558,6,,0,0,1,1,,1
8006672-22,,,8197560,7,,0,0,1,1,,0
8006672-22,,,8197578,8,,0,0,1,1,,0
8006672-22,,09:54:00,8197566,9,,0,0,1,1,,1
8006672-23,,10:02:00,8197566,0,,0,0,1,1,,1
8006672-23,,,8197568,1,,0,0,1,1,,0
8006672-23,,10:07:00,8274066,2,,0,0,1,1,,0
8006672-23,,10:10:00,8197572,3,,0,0,1,1,,1
8006672-23,,,8197574,4,,0,0,1,1,,0
8006672-23,,,8197576,5,,0,0,1,1,,0
8006672-23,,10:14:00,8197558,6,,0,0,1,1,,1
8006672-23,,,8197560,7,,0,0,1,1,,0
8006672-23,,,8197578,8,,0,0,1,1,,0
8006672-23,,10:02:00,8197566,9,,0,0,1,1,,1
8006672-24,,10:10:00,8197566,0,,0,0,1,1,,1
8006672-24,,,8197568,1,,0,0,1,1,,0
8006672-24,,10:15:00,8274066,2,,0,0,1,1,,0
8006672-24,,10:18:00,8197572,3,,0,0,1,1,,1
8006672-24,,,8197574,4,,0,0,1,1,,0
8006672-24,,,8197576,5,,0,0,1,1,,0
8006672-24,,10:22:00,8197558,6,,0,0,1,1,,1
8006672-24,,,8197560,7,,0,0,1,1,,0
8006672-24,,,8197578,8,,0,0,1,1,,0
8006672-24,,10:10:00,8197566,9,,0,0,1,1,,1
8006672-25,,10:24:00,8197566,0,,0,0,1,1,,1
8006672-25,,,8197568,1,,0,0,1,1,,0
8006672-25,,,8274066,2,,1,0,1,1,,0
8006672-25,,,8197572,3,,1,0,1,1,,1
8006672-25,,,8197574,4,,1,0,1,1,,0
8006672-25,,,8197576,5,,1,0,1,1,,0
8006672-25,,,8197558,6,,1,0,1,1,,1
8006672-25,,,8197560,7,,1,0,1,1,,0
8006672-25,,,8197578,8,,1,0,1,1,,0
8006672-25,,10:24:00,8197566,9,,1,0,1,1,,1
8006672-26,,10:33:00,8197566,0,,0,0,1,1,,1
8006672-26,,,8197568,1,,0,0,1,1,,0
8006672-26,,10:38:00,8274066,2,,0,0,1,1,,0
8006672-26,,10:41:00,8197572,3,,0,0,1,1,,1
8006672-26,,,8197574,4,,0,0,1,1,,0
8006672-26,,,8197576,5,,0,0,1,1,,0
8006672-26,,10:45:00,8197558,6,,0,0,1,1,,1
8006672-26,,,8197560,7,,0,0,1,1,,0
8006672-26,,,8197578,8,,0,0,1,1,,0
8006672-26,,10:33:00,8197566,9,,0,0,1,1,,1
8006672-27,,10:46:00,8197566,0,,0,0,1,1,,1
8006672-27,,,8197568,1,,0,0,1,1,,0
8006672-27,,10:51:00,8274066,2,,0,0,1,1,,0
8006672-27,,10:54:00,8197572,3,,0,0,1,1,,1
8006672-27,,,8197574,4,,0,0,1,1,,0
8006672-27,,,8197576,5,,0,0,1,1,,0
8006672-27,,10:58:00,8197558,6,,0,0,1,1,,1
8006672-27,,,8197560,7,,0,0,1,1,,0
8006672-27,,,8197578,8,,0,0,1,1,,0
8006672-27,,10:46:00,8197566,9,,0,0,1,1,,1
8006672-28,,10:59:00,8197566,0,,0,0,1,1,,1
8006672-28,,,8197568,1,,0,0,1,1,,0
8006672-28,,11:04:00,8274066,2,,0,0,1,1,,0
8006672-28,,11:07:00,8197572,3,,0,0,1,1,,1
8006672-28,,,8197574,4,,0,0,1,1,,0
8006672-28,,,8197576,5,,0,0,1,1,,0
8006672-28,,11:11:00,8197558,6,,0,0,1,1,,1
8006672-28,,,8197560,7,,0,0,1,1,,0
8006672-28,,,8197578,8,,0,0,1,1,,0
8006672-28,,10:59:00,8197566,9,,0,0,1,1,,1
8006672-29,,11:12:00,8197566,0,,0,0,1,1,,1
8006672-29,,,8197568,1,,0,0,1,1,,0
8006672-29,,11:17:00,8274066,2,,0,0,1,1,,0
8006672-29,,11:20:00,8197572,3,,0,0,1,1,,1
8006672-29,,,8197574,4,,0,0,1,1,,0
8006672-29,,,8197576,5,,0,0,1,1,,0
8006672-29,,11:24:00,8197558,6,,0,0,1,1,,1
8006672-29,,,8197560,7,,0,0,1,1,,0
8006672-29,,,8197578,8,,0,0,1,1,,0
8006672-29,,11:12:00,8197566,9,,0,0,1,1,,1
8006672-30,,11:25:00,8197566,0,,0,0,1,1,,1
8006672-30,,,8197568,1,,0,0,1,1,,0
8006672-30,,11:30:00,8274066,2,,0,0,1,1,,0
8006672-30,,11:33:00,8197572,3,,0,0,1,1,,1
8006672-30,,,8197574,4,,0,0,1,1,,0
8006672-30,,,8197576,5,,0,0,1,1,,0
8006672-30,,11:37:00,8197558,6,,0,0,1,1,,1
8006672-30,,,8197560,7,,0,0,1,1,,0
8006672-30,,,8197578,8,,0,0,1,1,,0
8006672-30,,11:25:00,8197566,9,,0,0,1,1,,1
8006672-31,,11:38:00,8197566,0,,0,0,1,1,,1
8006672-31,,,8197568,1,,0,0,1,1,,0
8006672-31,,11:43:00,8274066,2,,0,0,1,1,,0
8006672-31,,11:46:00,8197572,3,,0,0,1,1,,1
8006672-31,,,8197574,4,,0,0,1,1,,0
8006672-31,,,8197576,5,,0,0,1,1,,0
8006672-31,,11:50:00,8197558,6,,0,0,1,1,,1
8006672-31,,,8197560,7,,0,0,1,1,,0
8006672-31,,,8197578,8,,0,0,1,1,,0
8006672-31,,11:38:00,8197566,9,,0,0,1,1,,1
8006672-32,,11:51:00,8197566,0,,0,0,1,1,,1
8006672-32,,,8197568,1,,0,0,1,1,,0
8006672-32,,11:56:00,8274066,2,,0,0,1,1,,0
8006672-32,,11:59:00,8197572,3,,0,0,1,1,,1
8006672-32,,,8197574,4,,0,0,1,1,,0
8006672-32,,,8197576,5,,0,0,1,1,,0
8006672-32,,12:03:00,8197558,6,,0,0,1,1,,1
8006672-32,,,8197560,7,,0,0,1,1,,0
8006672-32,,,8197578,8,,0,0,1,1,,0
8006672-32,,11:51:00,8197566,9,,0,0,1,1,,1
8006672-33,,12:04:00,8197566,0,,0,0,1,1,,1
8006672-33,,,8197568,1,,0,0,1,1,,0
8006672-33,,12:09:00,8274066,2,,0,0,1,1,,0
8006672-33,,12:12:00,8197572,3,,0,0,1,1,,1
8006672-33,,,8197574,4,,0,0,1,1,,0
8006672-33,,,8197576,5,,0,0,1,1,,0
8006672-33,,12:16:00,8197558,6,,0,0,1,1,,1
8006672-33,,,8197560,7,,0,0,1,1,,0
8006672-33,,,8197578,8,,0,0,1,1,,0
8006672-33,,12:04:00,8197566,9,,0,0,1,1,,1
8006672-34,,12:17:00,8197566,0,,0,0,1,1,,1
8006672-34,,,8197568,1,,0,0,1,1,,0
8006672-34,,12:22:00,8274066,2,,0,0,1,1,,0
8006672-34,,12:25:00,8197572,3,,0,0,1,1,,1
8006672-34,,,8197574,4,,0,0,1,1,,0
8006672-34,,,8197576,5,,0,0,1,1,,0
8006672-34,,12:29:00,8197558,6,,0,0,1,1,,1
8006672-34,,,8197560,7,,0,0,1,1,,0
8006672-34,,,8197578,8,,0,0,1,1,,0
8006672-34,,12:17:00,8197566,9,,0,0,1,1,,1
8006672-35,,12:30:00,8197566,0,,0,0,1,1,,1
8006672-35,,,8197568,1,,0,0,1,1,,0
8006672-35,,12:35:00,8274066,2,,0,0,1,1,,0
8006672-35,,12:38:00,8197572,3,,0,0,1,1,,1
8006672-35,,,8197574,4,,0,0,1,1,,0
8006672-35,,,8197576,5,,0,0,1,1,,0
8006672-35,,12:42:00,8197558,6,,0,0,1,1,,1
8006672-35,,,8197560,7,,0,0,1,1,,0
8006672-35,,,8197578,8,,0,0,1,1,,0
8006672-35,,12:30:00,8197566,9,,0,0,1,1,,1
8006672-36,,12:43:00,8197566,0,,0,0,1,1,,1
8006672-36,,,8197568,1,,0,0,1,1,,0
8006672-36,,12:48:00,8274066,2,,0,0,1,1,,0
8006672-36,,12:51:00,8197572,3,,0,0,1,1,,1
8006672-36,,,8197574,4,,0,0,1,1,,0
8006672-36,,,8197576,5,,0,0,1,1,,0
8006672-36,,12:55:00,8197558,6,,0,0,1,1,,1
8006672-36,,,8197560,7,,0,0,1,1,,0
8006672-36,,,8197578,8,,0,0,1,1,,0
8006672-36,,12:43:00,8197566,9,,0,0,1,1,,1
8006672-37,,12:56:00,8197566,0,,0,0,1,1,,1
8006672-37,,,8197568,1,,0,0,1,1,,0
8006672-37,,13:01:00,8274066,2,,0,0,1,1,,0
8006672-37,,13:04:00,8197572,3,,0,0,1,1,,1
8006672-37,,,8197574,4,,0,0,1,1,,0
8006672-37,,,8197576,5,,0,0,1,1,,0
8006672-37,,13:08:00,8197558,6,,0,0,1,1,,1
8006672-37,,,8197560,7,,0,0,1,1,,0
8006672-37,,,8197578,8,,0,0,1,1,,0
8006672-37,,12:56:00,8197566,9,,0,0,1,1,,1
8006672-38,,13:09:00,8197566,0,,0,0,1,1,,1
8006672-38,,,8197568,1,,0,0,1,1,,0
8006672-38,,13:14:00,8274066,2,,0,0,1,1,,0
8006672-38,,13:17:00,8197572,3,,0,0,1,1,,1
8006672-38,,,8197574,4,,0,0,1,1,,0
8006672-38,,,8197576,5,,0,0,1,1,,0
8006672-38,,13:21:00,8197558,6,,0,0,1,1,,1
8006672-38,,,8197560,7,,0,0,1,1,,0
8006672-38,,,8197578,8,,0,0,1,1,,0
8006672-38,,13:09:00,8197566,9,,0,0,1,1,,1
8006672-39,,13:22:00,8197566,0,,0,0,1,1,,1
8006672-39,,,8197568,1,,0,0,1,1,,0
8006672-39,,13:27:00,8274066,2,,0,0,1,1,,0
8006672-39,,13:30:00,8197572,3,,0,0,1,1,,1
8006672-39,,,8197574,4,,0,0,1,1,,0
8006672-39,,,8197576,5,,0,0,1,1,,0
8006672-39,,13:34:00,8197558,6,,0,0,1,1,,1
8006672-39,,,8197560,7,,0,0,1,1,,0
8006672-39,,,8197578,8,,0,0,1,1,,0
8006672-39,,13:22:00,8197566,9,,0,0,1,1,,1
8006672-40,,13:35:00,8197566,0,,0,0,1,1,,1
8006672-40,,,8197568,1,,0,0,1,1,,0
8006672-40,,13:40:00,8274066,2,,0,0,1,1,,0
8006672-40,,13:43:00,8197572,3,,0,0,1,1,,1
8006672-40,,,8197574,4,,0,0,1,1,,0
8006672-40,,,8197576,5,,0,0,1,1,,0
8006672-40,,13:47:00,8197558,6,,0,0,1,1,,1
8006672-40,,,8197560,7,,0,0,1,1,,0
8006672-40,,,8197578,8,,0,0,1,1,,0
8006672-40,,13:35:00,8197566,9,,0,0,1,1,,1
8006672-41,,13:48:00,8197566,0,,0,0,1,1,,1
8006672-41,,,8197568,1,,0,0,1,1,,0
8006672-41,,13:53:00,8274066,2,,0,0,1,1,,0
8006672-41,,13:56:00,8197572,3,,0,0,1,1,,1
8006672-41,,,8197574,4,,0,0,1,1,,0
8006672-41,,,8197576,5,,0,0,1,1,,0
8006672-41,,14:00:00,8197558,6,,0,0,1,1,,1
8006672-41,,,8197560,7,,0,0,1,1,,0
8006672-41,,,8197578,8,,0,0,1,1,,0
8006672-41,,13:48:00,8197566,9,,0,0,1,1,,1
8006672-42,,14:01:00,8197566,0,,0,0,1,1,,1
8006672-42,,,8197568,1,,0,0,1,1,,0
8006672-42,,14:06:00,8274066,2,,0,0,1,1,,0
8006672-42,,14:09:00,8197572,3,,0,0,1,1,,1
8006672-42,,,8197574,4,,0,0,1,1,,0
8006672-42,,,8197576,5,,0,0,1,1,,0
8006672-42,,14:13:00,8197558,6,,0,0,1,1,,1
8006672-42,,,8197560,7,,0,0,1,1,,0
8006672-42,,,8197578,8,,0,0,1,1,,0
8006672-42,,14:01:00,8197566,9,,0,0,1,1,,1
8006672-43,,14:14:00,8197566,0,,0,0,1,1,,1
8006672-43,,,8197568,1,,0,0,1,1,,0
8006672-43,,14:19:00,8274066,2,,0,0,1,1,,0
8006672-43,,14:22:00,8197572,3,,0,0,1,1,,1
8006672-43,,,8197574,4,,0,0,1,1,,0
8006672-43,,,8197576,5,,0,0,1,1,,0
8006672-43,,14:26:00,8197558,6,,0,0,1,1,,1
8006672-43,,,8197560,7,,0,0,1,1,,0
8006672-43,,,8197578,8,,0,0,1,1,,0
8006672-43,,14:14:00,8197566,9,,0,0,1,1,,1
8006672-44,,14:27:00,8197566,0,,0,0,1,1,,1
8006672-44,,,8197568,1,,0,0,1,1,,0
8006672-44,,14:32:00,8274066,2,,0,0,1,1,,0
8006672-44,,14:35:00,8197572,3,,0,0,1,1,,1
8006672-44,,,8197574,4,,0,0,1,1,,0
8006672-44,,,8197576,5,,0,0,1,1,,0
8006672-44,,14:39:00,8197558,6,,0,0,1,1,,1
8006672-44,,,8197560,7,,0,0,1,1,,0
8006672-44,,,8197578,8,,0,0,1,1,,0
8006672-44,,14:27:00,8197566,9,,0,0,1,1,,1
8006672-45,,14:40:00,8197566,0,,0,0,1,1,,1
8006672-45,,,8197568,1,,0,0,1,1,,0
8006672-45,,14:45:00,8274066,2,,0,0,1,1,,0
8006672-45,,14:48:00,8197572,3,,0,0,1,1,,1
8006672-45,,,8197574,4,,0,0,1,1,,0
8006672-45,,,8197576,5,,0,0,1,1,,0
8006672-45,,14:52:00,8197558,6,,0,0,1,1,,1
8006672-45,,,8197560,7,,0,0,1,1,,0
8006672-45,,,8197578,8,,0,0,1,1,,0
8006672-45,,14:40:00,8197566,9,,0,0,1,1,,1
8006672-46,,14:53:00,8197566,0,,0,0,1,1,,1
8006672-46,,,8197568,1,,0,0,1,1,,0
8006672-46,,14:58:00,8274066,2,,0,0,1,1,,0
8006672-46,,15:01:00,8197572,3,,0,0,1,1,,1
8006672-46,,,8197574,4,,0,0,1,1,,0
8006672-46,,,8197576,5,,0,0,1,1,,0
8006672-46,,15:05:00,8197558,6,,0,0,1,1,,1
8006672-46,,,8197560,7,,0,0,1,1,,0
8006672-46,,,8197578,8,,0,0,1,1,,0
8006672-46,,14:53:00,8197566,9,,0,0,1,1,,1
8006672-47,,15:06:00,8197566,0,,0,0,1,1,,1
8006672-47,,,8197568,1,,0,0,1,1,,0
8006672-47,,15:11:00,8274066,2,,0,0,1,1,,0
8006672-47,,15:14:00,8197572,3,,0,0,1,1,,1
8006672-47,,,8197574,4,,0,0,1,1,,0
8006672-47,,,8197576,5,,0,0,1,1,,0
8006672-47,,15:18:00,8197558,6,,0,0,1,1,,1
8006672-47,,,8197560,7,,0,0,1,1,,0
8006672-47,,,8197578,8,,0,0,1,1,,0
8006672-47,,15:06:00,8197566,9,,0,0,1,1,,1
8006672-48,,15:19:00,8197566,0,,0,0,1,1,,1
8006672-48,,,8197568,1,,0,0,1,1,,0
8006672-48,,15:24:00,8274066,2,,0,0,1,1,,0
8006672-48,,15:27:00,8197572,3,,0,0,1,1,,1
8006672-48,,,8197574,4,,0,0,1,1,,0
8006672-48,,,8197576,5,,0,0,1,1,,0
8006672-48,,15:31:00,8197558,6,,0,0,1,1,,1
8006672-48,,,8197560,7,,0,0,1,1,,0
8006672-48,,,8197578,8,,0,0,1,1,,0
8006672-48,,15:19:00,8197566,9,,0,0,1,1,,1
8006672-49,,15:32:00,8197566,0,,0,0,1,1,,1
8006672-49,,,8197568,1,,0,0,1,1,,0
8006672-49,,15:37:00,8274066,2,,0,0,1,1,,0
8006672-49,,15:40:00,8197572,3,,0,0,1,1,,1
8006672-49,,,8197574,4,,0,0,1,1,,0
8006672-49,,,8197576,5,,0,0,1,1,,0
8006672-49,,15:44:00,8197558,6,,0,0,1,1,,1
8006672-49,,,8197560,7,,0,0,1,1,,0
8006672-49,,,8197578,8,,0,0,1,1,,0
8006672-49,,15:32:00,8197566,9,,0,0,1,1,,1
8006672-50,,15:45:00,8197566,0,,0,0,1,1,,1
8006672-50,,,8197568,1,,0,0,1,1,,0
8006672-50,,15:50:00,8274066,2,,0,0,1,1,,0
8006672-50,,15:53:00,8197572,3,,0,0,1,1,,1
8006672-50,,,8197574,4,,0,0,1,1,,0
8006672-50,,,8197576,5,,0,0,1,1,,0
8006672-50,,15:57:00,8197558,6,,0,0,1,1,,1
8006672-50,,,8197560,7,,0,0,1,1,,0
8006672-50,,,8197578,8,,0,0,1,1,,0
8006672-50,,15:45:00,8197566,9,,0,0,1,1,,1
8006672-51,,15:58:00,8197566,0,,0,0,1,1,,1
8006672-51,,,8197568,1,,0,0,1,1,,0
8006672-51,,16:03:00,8274066,2,,0,0,1,1,,0
8006672-51,,16:06:00,8197572,3,,0,0,1,1,,1
8006672-51,,,8197574,4,,0,0,1,1,,0
8006672-51,,,8197576,5,,0,0,1,1,,0
8006672-51,,16:10:00,8197558,6,,0,0,1,1,,1
8006672-51,,,8197560,7,,0,0,1,1,,0
8006672-51,,,8197578,8,,0,0,1,1,,0
8006672-51,,15:58:00,8197566,9,,0,0,1,1,,1
8006672-52,,16:11:00,8197566,0,,0,0,1,1,,1
8006672-52,,,8197568,1,,0,0,1,1,,0
8006672-52,,16:16:00,8274066,2,,0,0,1,1,,0
8006672-52,,16:19:00,8197572,3,,0,0,1,1,,1
8006672-52,,,8197574,4,,0,0,1,1,,0
8006672-52,,,8197576,5,,0,0,1,1,,0
8006672-52,,16:23:00,8197558,6,,0,0,1,1,,1
8006672-52,,,8197560,7,,0,0,1,1,,0
8006672-52,,,8197578,8,,0,0,1,1,,0
8006672-52,,16:11:00,8197566,9,,0,0,1,1,,1
8006672-53,,16:24:00,8197566,0,,0,0,1,1,,1
8006672-53,,,8197568,1,,0,0,1,1,,0
8006672-53,,16:29:00,8274066,2,,0,0,1,1,,0
8006672-53,,16:32:00,8197572,3,,0,0,1,1,,1
8006672-53,,,8197574,4,,0,0,1,1,,0
8006672-53,,,8197576,5,,0,0,1,1,,0
8006672-53,,16:36:00,8197558,6,,0,0,1,1,,1
8006672-53,,,8197560,7,,0,0,1,1,,0
8006672-53,,,8197578,8,,0,0,1,1,,0
8006672-53,,16:24:00,8197566,9,,0,0,1,1,,1
8006672-54,,16:37:00,8197566,0,,0,0,1,1,,1
8006672-54,,,8197568,1,,0,0,1,1,,0
8006672-54,,16:42:00,8274066,2,,0,0,1,1,,0
8006672-54,,16:45:00,8197572,3,,0,0,1,1,,1
8006672-54,,,8197574,4,,0,0,1,1,,0
8006672-54,,,8197576,5,,0,0,1,1,,0
8006672-54,,16:49:00,8197558,6,,0,0,1,1,,1
8006672-54,,,8197560,7,,0,0,1,1,,0
8006672-54,,,8197578,8,,0,0,1,1,,0
8006672-54,,16:37:00,8197566,9,,0,0,1,1,,1
8006672-55,,16:50:00,8197566,0,,0,0,1,1,,1
8006672-55,,,8197568,1,,0,0,1,1,,0
8006672-55,,16:55:00,8274066,2,,0,0,1,1,,0
8006672-55,,16:58:00,8197572,3,,0,0,1,1,,1
8006672-55,,,8197574,4,,0,0,1,1,,0
8006672-55,,,8197576,5,,0,0,1,1,,0
8006672-55,,17:02:00,8197558,6,,0,0,1,1,,1
8006672-55,,,8197560,7,,0,0,1,1,,0
8006672-55,,,8197578,8,,0,0,1,1,,0
8006672-55,,16:50:00,8197566,9,,0,0,1,1,,1
8006672-56,,17:03:00,8197566,0,,0,0,1,1,,1
8006672-56,,,8197568,1,,0,0,1,1,,0
8006672-56,,17:08:00,8274066,2,,0,0,1,1,,0
8006672-56,,17:11:00,8197572,3,,0,0,1,1,,1
8006672-56,,,8197574,4,,0,0,1,1,,0
8006672-56,,,8197576,5,,0,0,1,1,,0
8006672-56,,17:15:00,8197558,6,,0,0,1,1,,1
8006672-56,,,8197560,7,,0,0,1,1,,0
8006672-56,,,8197578,8,,0,0,1,1,,0
8006672-56,,17:03:00,8197566,9,,0,0,1,1,,1
8006672-57,,17:16:00,8197566,0,,0,0,1,1,,1
8006672-57,,,8197568,1,,0,0,1,1,,0
8006672-57,,17:21:00,8274066,2,,0,0,1,1,,0
8006672-57,,17:24:00,8197572,3,,0,0,1,1,,1
8006672-57,,,8197574,4,,0,0,1,1,,0
8006672-57,,,8197576,5,,0,0,1,1,,0
8006672-57,,17:28:00,8197558,6,,0,0,1,1,,1
8006672-57,,,8197560,7,,0,0,1,1,,0
8006672-57,,,8197578,8,,0,0,1,1,,0
8006672-57,,17:16:00,8197566,9,,0,0,1,1,,1
8006672-58,,17:29:00,8197566,0,,0,0,1,1,,1
8006672-58,,,8197568,1,,0,0,1,1,,0
8006672-58,,17:34:00,8274066,2,,0,0,1,1,,0
8006672-58,,17:37:00,8197572,3,,0,0,1,1,,1
8006672-58,,,8197574,4,,0,0,1,1,,0
8006672-58,,,8197576,5,,0,0,1,1,,0
8006672-58,,17:41:00,8197558,6,,0,0,1,1,,1
8006672-58,,,8197560,7,,0,0,1,1,,0
8006672-58,,,8197578,8,,0,0,1,1,,0
8006672-58,,17:29:00,8197566,9,,0,0,1,1,,1
8006672-59,,17:42:00,8197566,0,,0,0,1,1,,1
8006672-59,,,8197568,1,,0,0,1,1,,0
8006672-59,,17:47:00,8274066,2,,0,0,1,1,,0
8006672-59,,17:50:00,8197572,3,,0,0,1,1,,1
8006672-59,,,8197574,4,,0,0,1,1,,0
8006672-59,,,8197576,5,,0,0,1,1,,0
8006672-59,,17:54:00,8197558,6,,0,0,1,1,,1
8006672-59,,,8197560,7,,0,0,1,1,,0
8006672-59,,,8197578,8,,0,0,1,1,,0
8006672-59,,17:42:00,8197566,9,,0,0,1,1,,1
8006672-60,,17:55:00,8197566,0,,0,0,1,1,,1
8006672-60,,,8197568,1,,0,0,1,1,,0
8006672-60,,18:00:00,8274066,2,,0,0,1,1,,0
8006672-60,,18:03:00,8197572,3,,0,0,1,1,,1
8006672-60,,,8197574,4,,0,0,1,1,,0
8006672-60,,,8197576,5,,0,0,1,1,,0
8006672-60,,18:07:00,8197558,6,,0,0,1,1,,1
8006672-60,,,8197560,7,,0,0,1,1,,0
8006672-60,,,8197578,8,,0,0,1,1,,0
8006672-60,,17:55:00,8197566,9,,0,0,1,1,,1
8006672-61,,18:08:00,8197566,0,,0,0,1,1,,1
8006672-61,,,8197568,1,,0,0,1,1,,0
8006672-61,,18:13:00,8274066,2,,0,0,1,1,,0
8006672-61,,18:16:00,8197572,3,,0,0,1,1,,1
8006672-61,,,8197574,4,,0,0,1,1,,0
8006672-61,,,8197576,5,,0,0,1,1,,0
8006672-61,,18:20:00,8197558,6,,0,0,1,1,,1
8006672-61,,,8197560,7,,0,0,1,1,,0
8006672-61,,,8197578,8,,0,0,1,1,,0
8006672-61,,18:08:00,8197566,9,,0,0,1,1,,1
8006672-62,,18:21:00,8197566,0,,0,0,1,1,,1
8006672-62,,,8197568,1,,0,0,1,1,,0
8006672-62,,18:26:00,8274066,2,,0,0,1,1,,0
8006672-62,,18:29:00,8197572,3,,0,0,1,1,,1
8006672-62,,,8197574,4,,0,0,1,1,,0
8006672-62,,,8197576,5,,0,0,1,1,,0
8006672-62,,18:33:00,8197558,6,,0,0,1,1,,1
8006672-62,,,8197560,7,,0,0,1,1,,0
8006672-62,,,8197578,8,,0,0,1,1,,0
8006672-62,,18:21:00,8197566,9,,0,0,1,1,,1
8006672-63,,18:34:00,8197566,0,,0,0,1,1,,1
8006672-63,,,8197568,1,,0,0,1,1,,0
8006672-63,,18:39:00,8274066,2,,0,0,1,1,,0
8006672-63,,18:42:00,8197572,3,,0,0,1,1,,1
8006672-63,,,8197574,4,,0,0,1,1,,0
8006672-63,,,8197576,5,,0,0,1,1,,0
8006672-63,,18:46:00,8197558,6,,0,0,1,1,,1
8006672-63,,,8197560,7,,0,0,1,1,,0
8006672-63,,,8197578,8,,0,0,1,1,,0
8006672-63,,18:34:00,8197566,9,,0,0,1,1,,1
8006672-64,,18:47:00,8197566,0,,0,0,1,1,,1
8006672-64,,,8197568,1,,0,0,1,1,,0
8006672-64,,18:52:00,8274066,2,,0,0,1,1,,0
8006672-64,,18:55:00,8197572,3,,0,0,1,1,,1
8006672-64,,,8197574,4,,0,0,1,1,,0
8006672-64,,,8197576,5,,0,0,1,1,,0
8006672-64,,18:59:00,8197558,6,,0,0,1,1,,1
8006672-64,,,8197560,7,,0,0,1,1,,0
8006672-64,,,8197578,8,,0,0,1,1,,0
8006672-64,,18:47:00,8197566,9,,0,0,1,1,,1
8006672-65,,18:40:00,8197566,0,,0,0,1,1,,1
8006672-65,,,8197568,1,,0,0,1,1,,0
8006672-65,,,8274066,2,,1,0,1,1,,0
8006672-65,,,8197572,3,,1,0,1,1,,1
8006672-65,,,8197574,4,,1,0,1,1,,0
8006672-65,,,8197576,5,,1,0,1,1,,0
8006672-65,,,8197558,6,,1,0,1,1,,1
8006672-65,,,8197560,7,,1,0,1,1,,0
8006672-65,,,8197578,8,,1,0,1,1,,0
8006672-65,,18:40:00,8197566,9,,1,0,1,1,,1
8006672-66,,18:53:00,8197566,0,,0,0,1,1,,1
8006672-66,,,8197568,1,,0,0,1,1,,0
8006672-66,,,8274066,2,,1,0,1,1,,0
8006672-66,,,8197572,3,,1,0,1,1,,1
8006672-66,,,8197574,4,,1,0,1,1,,0
8006672-66,,,8197576,5,,1,0,1,1,,0
8006672-66,,,8197558,6,,1,0,1,1,,1
8006672-66,,,8197560,7,,1,0,1,1,,0
8006672-66,,,8197578,8,,1,0,1,1,,0
8006672-66,,18:53:00,8197566,9,,1,0,1,1,,1
8006676-2,,,8274064,0,,0,0,1,1,,1
8006676-2,,,8197554,1,,0,0,1,1,,0
8006676-2,,07:22:00,8197564,2,,0,0,1,1,,1
8006676-2,,,8274064,3,,0,0,1,1,,1
8006676-3,,,8274064,0,,0,0,1,1,,1
8006676-3,,,8197554,1,,0,0,1,1,,0
8006676-3,,07:32:00,8197564,2,,0,0,1,1,,1
8006676-3,,,8274064,3,,0,0,1,1,,1
8006676-4,,07:40:00,8274064,0,,0,0,1,1,,1
8006676-4,,,8197554,1,,0,0,1,1,,0
8006676-4,,07:42:00,8197564,2,,0,0,1,1,,1
8006676-4,,07:40:00,8274064,3,,0,0,1,1,,1
8006676-5,,07:50:00,8274064,0,,0,0,1,1,,1
8006676-5,,,8197554,1,,0,0,1,1,,0
8006676-5,,07:52:00,8197564,2,,0,0,1,1,,1
8006676-5,,07:50:00,8274064,3,,0,0,1,1,,1
8006676-6,,08:00:00,8274064,0,,0,0,1,1,,1
8006676-6,,,8197554,1,,0,0,1,1,,0
8006676-6,,08:02:00,8197564,2,,0,0,1,1,,1
8006676-6,,08:00:00,8274064,3,,0,0,1,1,,1
8006676-7,,08:10:00,8274064,0,,0,0,1,1,,1
8006676-7,,,8197554,1,,0,0,1,1,,0
8006676-7,,08:12:00,8197564,2,,0,0,1,1,,1
8006676-7,,08:10:00,8274064,3,,0,0,1,1,,1
8006676-8,,08:20:00,8274064,0,,0,0,1,1,,1
8006676-8,,,8197554,1,,0,0,1,1,,0
8006676-8,,08:22:00,8197564,2,,0,0,1,1,,1
8006676-8,,08:20:00,8274064,3,,0,0,1,1,,1
8006676-9,,08:30:00,8274064,0,,0,0,1,1,,1
8006676-9,,,8197554,1,,0,0,1,1,,0
8006676-9,,08:32:00,8197564,2,,0,0,1,1,,1
8006676-9,,08:30:00,8274064,3,,0,0,1,1,,1
8006676-10,,08:40:00,8274064,0,,0,0,1,1,,1
8006676-10,,,8197554,1,,0,0,1,1,,0
8006676-10,,08:42:00,8197564,2,,0,0,1,1,,1
8006676-10,,08:40:00,8274064,3,,0,0,1,1,,1
8006676-11,,08:50:00,8274064,0,,0,0,1,1,,1
8006676-11,,,8197554,1,,0,0,1,1,,0
8006676-11,,08:52:00,8197564,2,,0,0,1,1,,1
8006676-11,,08:50:00,8274064,3,,0,0,1,1,,1
8006676-12,,09:00:00,8274064,0,,0,0,1,1,,1
8006676-12,,,8197554,1,,0,0,1,1,,0
8006676-12,,09:02:00,8197564,2,,0,0,1,1,,1
8006676-12,,09:00:00,8274064,3,,0,0,1,1,,1
8006676-13,,09:10:00,8274064,0,,0,0,1,1,,1
8006676-13,,,8197554,1,,0,0,1,1,,0
8006676-13,,09:12:00,8197564,2,,0,0,1,1,,1
8006676-13,,09:10:00,8274064,3,,0,0,1,1,,1
8006676-14,,09:20:00,8274064,0,,0,0,1,1,,1
8006676-14,,,8197554,1,,0,0,1,1,,0
8006676-14,,09:22:00,8197564,2,,0,0,1,1,,1
8006676-14,,09:20:00,8274064,3,,0,0,1,1,,1
8006676-15,,09:30:00,8274064,0,,0,0,1,1,,1
8006676-15,,,8197554,1,,0,0,1,1,,0
8006676-15,,09:32:00,8197564,2,,0,0,1,1,,1
8006676-15,,09:30:00,8274064,3,,0,0,1,1,,1
8006676-16,,09:40:00,8274064,0,,0,0,1,1,,1
8006676-16,,,8197554,1,,0,0,1,1,,0
8006676-16,,09:42:00,8197564,2,,0,0,1,1,,1
8006676-16,,09:40:00,8274064,3,,0,0,1,1,,1
8006676-17,,09:50:00,8274064,0,,0,0,1,1,,1
8006676-17,,,8197554,1,,0,0,1,1,,0
8006676-17,,09:52:00,8197564,2,,0,0,1,1,,1
8006676-17,,09:50:00,8274064,3,,0,0,1,1,,1
8006676-18,,10:00:00,8274064,0,,0,0,1,1,,1
8006676-18,,,8197554,1,,0,0,1,1,,0
8006676-18,,10:02:00,8197564,2,,0,0,1,1,,1
8006676-18,,10:00:00,8274064,3,,0,0,1,1,,1
8006676-19,,10:10:00,8274064,0,,0,0,1,1,,1
8006676-19,,,8197554,1,,0,0,1,1,,0
8006676-19,,10:12:00,8197564,2,,0,0,1,1,,1
8006676-19,,10:10:00,8274064,3,,0,0,1,1,,1
8006676-20,,10:20:00,8274064,0,,0,0,1,1,,1
8006676-20,,,8197554,1,,0,0,1,1,,0
8006676-20,,10:22:00,8197564,2,,0,0,1,1,,1
8006676-20,,10:20:00,8274064,3,,0,0,1,1,,1
8006676-21,,10:30:00,8274064,0,,0,0,1,1,,1
8006676-21,,,8197554,1,,0,0,1,1,,0
8006676-21,,10:32:00,8197564,2,,0,0,1,1,,1
8006676-21,,10:30:00,8274064,3,,0,0,1,1,,1
8006676-22,,10:40:00,8274064,0,,0,0,1,1,,1
8006676-22,,,8197554,1,,0,0,1,1,,0
8006676-22,,10:42:00,8197564,2,,0,0,1,1,,1
8006676-22,,10:40:00,8274064,3,,0,0,1,1,,1
8006676-23,,10:50:00,8274064,0,,0,0,1,1,,1
8006676-23,,,8197554,1,,0,0,1,1,,0
8006676-23,,10:52:00,8197564,2,,0,0,1,1,,1
8006676-23,,10:50:00,8274064,3,,0,0,1,1,,1
8006676-24,,11:00:00,8274064,0,,0,0,1,1,,1
8006676-24,,,8197554,1,,0,0,1,1,,0
8006676-24,,11:02:00,8197564,2,,0,0,1,1,,1
8006676-24,,11:00:00,8274064,3,,0,0,1,1,,1
8006676-25,,11:10:00,8274064,0,,0,0,1,1,,1
8006676-25,,,8197554,1,,0,0,1,1,,0
8006676-25,,11:12:00,8197564,2,,0,0,1,1,,1
8006676-25,,11:10:00,8274064,3,,0,0,1,1,,1
8006676-26,,11:20:00,8274064,0,,0,0,1,1,,1
8006676-26,,,8197554,1,,0,0,1,1,,0
8006676-26,,11:22:00,8197564,2,,0,0,1,1,,1
8006676-26,,11:20:00,8274064,3,,0,0,1,1,,1
8006676-27,,11:30:00,8274064,0,,0,0,1,1,,1
8006676-27,,,8197554,1,,0,0,1,1,,0
8006676-27,,11:32:00,8197564,2,,0,0,1,1,,1
8006676-27,,11:30:00,8274064,3,,0,0,1,1,,1
8006676-28,,11:40:00,8274064,0,,0,0,1,1,,1
8006676-28,,,8197554,1,,0,0,1,1,,0
8006676-28,,11:42:00,8197564,2,,0,0,1,1,,1
8006676-28,,11:40:00,8274064,3,,0,0,1,1,,1
8006676-29,,11:50:00,8274064,0,,0,0,1,1,,1
8006676-29,,,8197554,1,,0,0,1,1,,0
8006676-29,,11:52:00,8197564,2,,0,0,1,1,,1
8006676-29,,11:50:00,8274064,3,,0,0,1,1,,1
8006676-30,,12:00:00,8274064,0,,0,0,1,1,,1
8006676-30,,,8197554,1,,0,0,1,1,,0
8006676-30,,12:02:00,8197564,2,,0,0,1,1,,1
8006676-30,,12:00:00,8274064,3,,0,0,1,1,,1
8006676-31,,12:10:00,8274064,0,,0,0,1,1,,1
8006676-31,,,8197554,1,,0,0,1,1,,0
8006676-31,,12:12:00,8197564,2,,0,0,1,1,,1
8006676-31,,12:10:00,8274064,3,,0,0,1,1,,1
8006676-32,,12:20:00,8274064,0,,0,0,1,1,,1
8006676-32,,,8197554,1,,0,0,1,1,,0
8006676-32,,12:22:00,8197564,2,,0,0,1,1,,1
8006676-32,,12:20:00,8274064,3,,0,0,1,1,,1
8006676-33,,12:30:00,8274064,0,,0,0,1,1,,1
8006676-33,,,8197554,1,,0,0,1,1,,0
8006676-33,,12:32:00,8197564,2,,0,0,1,1,,1
8006676-33,,12:30:00,8274064,3,,0,0,1,1,,1
8006676-34,,12:40:00,8274064,0,,0,0,1,1,,1
8006676-34,,,8197554,1,,0,0,1,1,,0
8006676-34,,12:42:00,8197564,2,,0,0,1,1,,1
8006676-34,,12:40:00,8274064,3,,0,0,1,1,,1
8006676-35,,12:50:00,8274064,0,,0,0,1,1,,1
8006676-35,,,8197554,1,,0,0,1,1,,0
8006676-35,,12:52:00,8197564,2,,0,0,1,1,,1
8006676-35,,12:50:00,8274064,3,,0,0,1,1,,1
8006676-36,,13:00:00,8274064,0,,0,0,1,1,,1
8006676-36,,,8197554,1,,0,0,1,1,,0
8006676-36,,13:02:00,8197564,2,,0,0,1,1,,1
8006676-36,,13:00:00,8274064,3,,0,0,1,1,,1
8006676-37,,13:10:00,8274064,0,,0,0,1,1,,1
8006676-37,,,8197554,1,,0,0,1,1,,0
8006676-37,,13:12:00,8197564,2,,0,0,1,1,,1
8006676-37,,13:10:00,8274064,3,,0,0,1,1,,1
8006676-38,,13:20:00,8274064,0,,0,0,1,1,,1
8006676-38,,,8197554,1,,0,0,1,1,,0
8006676-38,,13:22:00,8197564,2,,0,0,1,1,,1
8006676-38,,13:20:00,8274064,3,,0,0,1,1,,1
8006676-39,,13:30:00,8274064,0,,0,0,1,1,,1
8006676-39,,,8197554,1,,0,0,1,1,,0
8006676-39,,13:32:00,8197564,2,,0,0,1,1,,1
8006676-39,,13:30:00,8274064,3,,0,0,1,1,,1
8006676-40,,13:40:00,8274064,0,,0,0,1,1,,1
8006676-40,,,8197554,1,,0,0,1,1,,0
8006676-40,,13:42:00,8197564,2,,0,0,1,1,,1
8006676-40,,13:40:00,8274064,3,,0,0,1,1,,1
8006676-41,,13:50:00,8274064,0,,0,0,1,1,,1
8006676-41,,,8197554,1,,0,0,1,1,,0
8006676-41,,13:52:00,8197564,2,,0,0,1,1,,1
8006676-41,,13:50:00,8274064,3,,0,0,1,1,,1
8006676-42,,14:00:00,8274064,0,,0,0,1,1,,1
8006676-42,,,8197554,1,,0,0,1,1,,0
8006676-42,,14:02:00,8197564,2,,0,0,1,1,,1
8006676-42,,14:00:00,8274064,3,,0,0,1,1,,1
8006676-43,,14:10:00,8274064,0,,0,0,1,1,,1
8006676-43,,,8197554,1,,0,0,1,1,,0
8006676-43,,14:12:00,8197564,2,,0,0,1,1,,1
8006676-43,,14:10:00,8274064,3,,0,0,1,1,,1
8006676-44,,14:20:00,8274064,0,,0,0,1,1,,1
8006676-44,,,8197554,1,,0,0,1,1,,0
8006676-44,,14:22:00,8197564,2,,0,0,1,1,,1
8006676-44,,14:20:00,8274064,3,,0,0,1,1,,1
8006676-45,,14:30:00,8274064,0,,0,0,1,1,,1
8006676-45,,,8197554,1,,0,0,1,1,,0
8006676-45,,14:32:00,8197564,2,,0,0,1,1,,1
8006676-45,,14:30:00,8274064,3,,0,0,1,1,,1
8006676-46,,14:40:00,8274064,0,,0,0,1,1,,1
8006676-46,,,8197554,1,,0,0,1,1,,0
8006676-46,,14:42:00,8197564,2,,0,0,1,1,,1
8006676-46,,14:40:00,8274064,3,,0,0,1,1,,1
8006676-47,,14:50:00,8274064,0,,0,0,1,1,,1
8006676-47,,,8197554,1,,0,0,1,1,,0
8006676-47,,14:52:00,8197564,2,,0,0,1,1,,1
8006676-47,,14:50:00,8274064,3,,0,0,1,1,,1
8006676-48,,15:00:00,8274064,0,,0,0,1,1,,1
8006676-48,,,8197554,1,,0,0,1,1,,0
8006676-48,,15:02:00,8197564,2,,0,0,1,1,,1
8006676-48,,15:00:00,8274064,3,,0,0,1,1,,1
8006676-49,,15:10:00,8274064,0,,0,0,1,1,,1
8006676-49,,,8197554,1,,0,0,1,1,,0
8006676-49,,15:12:00,8197564,2,,0,0,1,1,,1
8006676-49,,15:10:00,8274064,3,,0,0,1,1,,1
8006676-50,,15:20:00,8274064,0,,0,0,1,1,,1
8006676-50,,,8197554,1,,0,0,1,1,,0
8006676-50,,15:22:00,8197564,2,,0,0,1,1,,1
8006676-50,,15:20:00,8274064,3,,0,0,1,1,,1
8006676-51,,15:30:00,8274064,0,,0,0,1,1,,1
8006676-51,,,8197554,1,,0,0,1,1,,0
8006676-51,,15:32:00,8197564,2,,0,0,1,1,,1
8006676-51,,15:30:00,8274064,3,,0,0,1,1,,1
8006676-52,,15:40:00,8274064,0,,0,0,1,1,,1
8006676-52,,,8197554,1,,0,0,1,1,,0
8006676-52,,15:42:00,8197564,2,,0,0,1,1,,1
8006676-52,,15:40:00,8274064,3,,0,0,1,1,,1
8006676-53,,15:50:00,8274064,0,,0,0,1,1,,1
8006676-53,,,8197554,1,,0,0,1,1,,0
8006676-53,,15:52:00,8197564,2,,0,0,1,1,,1
8006676-53,,15:50:00,8274064,3,,0,0,1,1,,1
8006676-54,,16:00:00,8274064,0,,0,0,1,1,,1
8006676-54,,,8197554,1,,0,0,1,1,,0
8006676-54,,16:02:00,8197564,2,,0,0,1,1,,1
8006676-54,,16:00:00,8274064,3,,0,0,1,1,,1
8006676-55,,16:10:00,8274064,0,,0,0,1,1,,1
8006676-55,,,8197554,1,,0,0,1,1,,0
8006676-55,,16:12:00,8197564,2,,0,0,1,1,,1
8006676-55,,16:10:00,8274064,3,,0,0,1,1,,1
8006676-56,,16:20:00,8274064,0,,0,0,1,1,,1
8006676-56,,,8197554,1,,0,0,1,1,,0
8006676-56,,16:22:00,8197564,2,,0,0,1,1,,1
8006676-56,,16:20:00,8274064,3,,0,0,1,1,,1
8006676-57,,16:30:00,8274064,0,,0,0,1,1,,1
8006676-57,,,8197554,1,,0,0,1,1,,0
8006676-57,,16:32:00,8197564,2,,0,0,1,1,,1
8006676-57,,16:30:00,8274064,3,,0,0,1,1,,1
8006676-58,,16:40:00,8274064,0,,0,0,1,1,,1
8006676-58,,,8197554,1,,0,0,1,1,,0
8006676-58,,16:42:00,8197564,2,,0,0,1,1,,1
8006676-58,,16:40:00,8274064,3,,0,0,1,1,,1
8006676-59,,16:50:00,8274064,0,,0,0,1,1,,1
8006676-59,,,8197554,1,,0,0,1,1,,0
8006676-59,,16:52:00,8197564,2,,0,0,1,1,,1
8006676-59,,16:50:00,8274064,3,,0,0,1,1,,1
8006676-60,,17:00:00,8274064,0,,0,0,1,1,,1
8006676-60,,,8197554,1,,0,0,1,1,,0
8006676-60,,17:02:00,8197564,2,,0,0,1,1,,1
8006676-60,,17:00:00,8274064,3,,0,0,1,1,,1
8006676-61,,17:10:00,8274064,0,,0,0,1,1,,1
8006676-61,,,8197554,1,,0,0,1,1,,0
8006676-61,,17:12:00,8197564,2,,0,0,1,1,,1
8006676-61,,17:10:00,8274064,3,,0,0,1,1,,1
8006676-62,,17:20:00,8274064,0,,0,0,1,1,,1
8006676-62,,,8197554,1,,0,0,1,1,,0
8006676-62,,17:22:00,8197564,2,,0,0,1,1,,1
8006676-62,,17:20:00,8274064,3,,0,0,1,1,,1
8006676-63,,17:30:00,8274064,0,,0,0,1,1,,1
8006676-63,,,8197554,1,,0,0,1,1,,0
8006676-63,,17:32:00,8197564,2,,0,0,1,1,,1
8006676-63,,17:30:00,8274064,3,,0,0,1,1,,1
8006676-64,,17:40:00,8274064,0,,0,0,1,1,,1
8006676-64,,,8197554,1,,0,0,1,1,,0
8006676-64,,17:42:00,8197564,2,,0,0,1,1,,1
8006676-64,,17:40:00,8274064,3,,0,0,1,1,,1
8006676-65,,17:50:00,8274064,0,,0,0,1,1,,1
8006676-65,,,8197554,1,,0,0,1,1,,0
8006676-65,,17:52:00,8197564,2,,0,0,1,1,,1
8006676-65,,17:50:00,8274064,3,,0,0,1,1,,1
8006676-66,,18:00:00,8274064,0,,0,0,1,1,,1
8006676-66,,,8197554,1,,0,0,1,1,,0
8006676-66,,18:02:00,8197564,2,,0,0,1,1,,1
8006676-66,,18:00:00,8274064,3,,0,0,1,1,,1
8006676-67,,18:10:00,8274064,0,,0,0,1,1,,1
8006676-67,,,8197554,1,,0,0,1,1,,0
8006676-67,,18:12:00,8197564,2,,0,0,1,1,,1
8006676-67,,18:10:00,8274064,3,,0,0,1,1,,1
8006676-68,,18:20:00,8274064,0,,0,0,1,1,,1
8006676-68,,,8197554,1,,0,0,1,1,,0
8006676-68,,18:22:00,8197564,2,,0,0,1,1,,1
8006676-68,,18:20:00,8274064,3,,0,0,1,1,,1
8006676-69,,18:30:00,8274064,0,,0,0,1,1,,1
8006676-69,,,8197554,1,,0,0,1,1,,0
8006676-69,,18:32:00,8197564,2,,0,0,1,1,,1
8006676-69,,18:30:00,8274064,3,,0,0,1,1,,1
8006676-70,,18:40:00,8274064,0,,0,0,1,1,,1
8006676-70,,,8197554,1,,0,0,1,1,,0
8006676-70,,18:42:00,8197564,2,,0,0,1,1,,1
8006676-70,,18:40:00,8274064,3,,0,0,1,1,,1
8006676-71,,18:50:00,8274064,0,,0,0,1,1,,1
8006676-71,,,8197554,1,,0,0,1,1,,0
8006676-71,,18:52:00,8197564,2,,0,0,1,1,,1
8006676-71,,18:50:00,8274064,3,,0,0,1,1,,1
